4
1 4 5
1 2 20
1 3 10
2 3 5
2 4 10
3 4 20
2
1 2 1
1 2 10
3
1 3 2
1 2 10
2 3 1
3
1 3 3
1 3 1
1 2 1
2 3 5
4
1 4 5
1 2 20
1 3 10
2 3 5
2 4 10
3 4 20
2
1 2 2
1 2 10
1 2 20
4
1 4 6
1 2 20
1 3 10
2 3 5
2 4 10
3 4 20
3 2 20
100
1 100 9900
1 2 41
1 3 467
1 4 334
1 5 500
1 6 169
1 7 724
1 8 478
1 9 358
1 10 962
1 11 464
1 12 705
1 13 145
1 14 281
1 15 827
1 16 961
1 17 491
1 18 995
1 19 942
1 20 827
1 21 436
1 22 391
1 23 604
1 24 902
1 25 153
1 26 292
1 27 382
1 28 421
1 29 716
1 30 718
1 31 895
1 32 447
1 33 726
1 34 771
1 35 538
1 36 869
1 37 912
1 38 667
1 39 299
1 40 35
1 41 894
1 42 703
1 43 811
1 44 322
1 45 333
1 46 673
1 47 664
1 48 141
1 49 711
1 50 253
1 51 868
1 52 547
1 53 644
1 54 662
1 55 757
1 56 37
1 57 859
1 58 723
1 59 741
1 60 529
1 61 778
1 62 316
1 63 35
1 64 190
1 65 842
1 66 288
1 67 106
1 68 40
1 69 942
1 70 264
1 71 648
1 72 446
1 73 805
1 74 890
1 75 729
1 76 370
1 77 350
1 78 6
1 79 101
1 80 393
1 81 548
1 82 629
1 83 623
1 84 84
1 85 954
1 86 756
1 87 840
1 88 966
1 89 376
1 90 931
1 91 308
1 92 944
1 93 439
1 94 626
1 95 323
1 96 537
1 97 538
1 98 118
1 99 82
1 100 929
2 1 541
2 3 833
2 4 115
2 5 639
2 6 658
2 7 704
2 8 930
2 9 977
2 10 306
2 11 673
2 12 386
2 13 21
2 14 745
2 15 924
2 16 72
2 17 270
2 18 829
2 19 777
2 20 573
2 21 97
2 22 512
2 23 986
2 24 290
2 25 161
2 26 636
2 27 355
2 28 767
2 29 655
2 30 574
2 31 31
2 32 52
2 33 350
2 34 150
2 35 941
2 36 724
2 37 966
2 38 430
2 39 107
2 40 191
2 41 7
2 42 337
2 43 457
2 44 287
2 45 753
2 46 383
2 47 945
2 48 909
2 49 209
2 50 758
2 51 221
2 52 588
2 53 422
2 54 946
2 55 506
2 56 30
2 57 413
2 58 168
2 59 900
2 60 591
2 61 762
2 62 655
2 63 410
2 64 359
2 65 624
2 66 537
2 67 548
2 68 483
2 69 595
2 70 41
2 71 602
2 72 350
2 73 291
2 74 836
2 75 374
2 76 20
2 77 596
2 78 21
2 79 348
2 80 199
2 81 668
2 82 484
2 83 281
2 84 734
2 85 53
2 86 999
2 87 418
2 88 938
2 89 900
2 90 788
2 91 127
2 92 467
2 93 728
2 94 893
2 95 648
2 96 483
2 97 807
2 98 421
2 99 310
2 100 617
3 1 813
3 2 514
3 4 309
3 5 616
3 6 935
3 7 451
3 8 600
3 9 249
3 10 519
3 11 556
3 12 798
3 13 303
3 14 224
3 15 8
3 16 844
3 17 609
3 18 989
3 19 702
3 20 195
3 21 485
3 22 93
3 23 343
3 24 523
3 25 587
3 26 314
3 27 503
3 28 448
3 29 200
3 30 458
3 31 618
3 32 580
3 33 796
3 34 798
3 35 281
3 36 589
3 37 798
3 38 9
3 39 157
3 40 472
3 41 622
3 42 538
3 43 292
3 44 38
3 45 179
3 46 190
3 47 657
3 48 958
3 49 191
3 50 815
3 51 888
3 52 156
3 53 511
3 54 202
3 55 634
3 56 272
3 57 55
3 58 328
3 59 646
3 60 362
3 61 886
3 62 875
3 63 433
3 64 869
3 65 142
3 66 844
3 67 416
3 68 881
3 69 998
3 70 322
3 71 651
3 72 21
3 73 699
3 74 557
3 75 476
3 76 892
3 77 389
3 78 75
3 79 712
3 80 600
3 81 510
3 82 3
3 83 869
3 84 861
3 85 688
3 86 401
3 87 789
3 88 255
3 89 423
3 90 2
3 91 585
3 92 182
3 93 285
3 94 88
3 95 426
3 96 617
3 97 757
3 98 832
3 99 932
3 100 169
4 1 154
4 2 721
4 3 189
4 5 976
4 6 329
4 7 368
4 8 692
4 9 425
4 10 555
4 11 434
4 12 549
4 13 441
4 14 512
4 15 145
4 16 60
4 17 718
4 18 753
4 19 139
4 20 423
4 21 279
4 22 996
4 23 687
4 24 529
4 25 549
4 26 437
4 27 866
4 28 949
4 29 193
4 30 195
4 31 297
4 32 416
4 33 286
4 34 105
4 35 488
4 36 282
4 37 455
4 38 734
4 39 114
4 40 701
4 41 316
4 42 671
4 43 786
4 44 263
4 45 313
4 46 355
4 47 185
4 48 53
4 49 912
4 50 808
4 51 832
4 52 945
4 53 313
4 54 756
4 55 321
4 56 558
4 57 646
4 58 982
4 59 481
4 60 144
4 61 196
4 62 222
4 63 129
4 64 161
4 65 535
4 66 450
4 67 173
4 68 466
4 69 44
4 70 659
4 71 292
4 72 439
4 73 253
4 74 24
4 75 154
4 76 510
4 77 745
4 78 649
4 79 186
4 80 313
4 81 474
4 82 22
4 83 168
4 84 18
4 85 787
4 86 905
4 87 958
4 88 391
4 89 202
4 90 625
4 91 477
4 92 414
4 93 314
4 94 824
4 95 334
4 96 874
4 97 372
4 98 159
4 99 833
4 100 70
5 1 487
5 2 297
5 3 518
5 4 177
5 6 773
5 7 270
5 8 763
5 9 668
5 10 192
5 11 985
5 12 102
5 13 480
5 14 213
5 15 627
5 16 802
5 17 99
5 18 527
5 19 625
5 20 543
5 21 924
5 22 23
5 23 972
5 24 61
5 25 181
5 26 3
5 27 432
5 28 505
5 29 593
5 30 725
5 31 31
5 32 492
5 33 142
5 34 222
5 35 286
5 36 64
5 37 900
5 38 187
5 39 360
5 40 413
5 41 974
5 42 270
5 43 170
5 44 235
5 45 833
5 46 711
5 47 760
5 48 896
5 49 667
5 50 285
5 51 550
5 52 140
5 53 694
5 54 695
5 55 624
5 56 19
5 57 125
5 58 576
5 59 694
5 60 658
5 61 302
5 62 371
5 63 466
5 64 678
5 65 593
5 66 851
5 67 484
5 68 18
5 69 464
5 70 119
5 71 152
5 72 800
5 73 87
5 74 60
5 75 926
5 76 10
5 77 757
5 78 170
5 79 315
5 80 576
5 81 227
5 82 43
5 83 758
5 84 164
5 85 109
5 86 882
5 87 86
5 88 565
5 89 487
5 90 577
5 91 474
5 92 625
5 93 627
5 94 629
5 95 928
5 96 423
5 97 520
5 98 902
5 99 962
5 100 123
6 1 596
6 2 737
6 3 261
6 4 195
6 5 525
6 7 264
6 8 260
6 9 202
6 10 116
6 11 30
6 12 326
6 13 11
6 14 771
6 15 411
6 16 547
6 17 153
6 18 520
6 19 790
6 20 924
6 21 188
6 22 763
6 23 940
6 24 851
6 25 662
6 26 829
6 27 900
6 28 713
6 29 958
6 30 578
6 31 365
6 32 7
6 33 477
6 34 200
6 35 58
6 36 439
6 37 303
6 38 760
6 39 357
6 40 324
6 41 477
6 42 108
6 43 113
6 44 887
6 45 801
6 46 850
6 47 460
6 48 428
6 49 993
6 50 384
6 51 405
6 52 540
6 53 111
6 54 704
6 55 835
6 56 356
6 57 72
6 58 350
6 59 823
6 60 485
6 61 556
6 62 216
6 63 626
6 64 357
6 65 526
6 66 357
6 67 337
6 68 271
6 69 869
6 70 361
6 71 896
6 72 22
6 73 617
6 74 112
6 75 717
6 76 696
6 77 585
6 78 41
6 79 423
6 80 129
6 81 229
6 82 565
6 83 559
6 84 932
6 85 296
6 86 855
6 87 53
6 88 962
6 89 584
6 90 734
6 91 654
6 92 972
6 93 457
6 94 369
6 95 532
6 96 963
6 97 607
6 98 483
6 99 911
6 100 635
7 1 67
7 2 848
7 3 675
7 4 938
7 5 223
7 6 142
7 8 754
7 9 511
7 10 741
7 11 175
7 12 459
7 13 825
7 14 221
7 15 870
7 16 626
7 17 934
7 18 205
7 19 783
7 20 850
7 21 398
7 22 279
7 23 701
7 24 193
7 25 734
7 26 637
7 27 534
7 28 556
7 29 993
7 30 176
7 31 705
7 32 962
7 33 548
7 34 881
7 35 300
7 36 413
7 37 641
7 38 855
7 39 855
7 40 142
7 41 462
7 42 611
7 43 877
7 44 424
7 45 678
7 46 752
7 47 443
7 48 296
7 49 673
7 50 40
7 51 313
7 52 875
7 53 72
7 54 818
7 55 610
7 56 17
7 57 932
7 58 112
7 59 695
7 60 169
7 61 831
7 62 40
7 63 488
7 64 685
7 65 90
7 66 497
7 67 589
7 68 990
7 69 145
7 70 353
7 71 314
7 72 651
7 73 740
7 74 44
7 75 258
7 76 335
7 77 759
7 78 192
7 79 605
7 80 264
7 81 181
7 82 503
7 83 829
7 84 775
7 85 608
7 86 292
7 87 997
7 88 549
7 89 556
7 90 561
7 91 627
7 92 467
7 93 541
7 94 129
7 95 240
7 96 813
7 97 174
7 98 601
7 99 77
7 100 215
8 1 683
8 2 213
8 3 992
8 4 824
8 5 601
8 6 392
8 7 759
8 9 670
8 10 428
8 11 27
8 12 84
8 13 75
8 14 786
8 15 498
8 16 970
8 17 287
8 18 847
8 19 604
8 20 503
8 21 221
8 22 663
8 23 706
8 24 363
8 25 10
8 26 171
8 27 489
8 28 240
8 29 164
8 30 542
8 31 619
8 32 913
8 33 591
8 34 704
8 35 818
8 36 232
8 37 750
8 38 205
8 39 975
8 40 539
8 41 303
8 42 422
8 43 98
8 44 247
8 45 584
8 46 648
8 47 971
8 48 864
8 49 913
8 50 75
8 51 545
8 52 712
8 53 546
8 54 678
8 55 769
8 56 262
8 57 519
8 58 985
8 59 289
8 60 944
8 61 865
8 62 540
8 63 245
8 64 508
8 65 318
8 66 870
8 67 601
8 68 323
8 69 132
8 70 472
8 71 152
8 72 87
8 73 570
8 74 763
8 75 901
8 76 103
8 77 423
8 78 527
8 79 600
8 80 969
8 81 15
8 82 565
8 83 28
8 84 543
8 85 347
8 86 88
8 87 943
8 88 637
8 89 409
8 90 463
8 91 49
8 92 681
8 93 588
8 94 342
8 95 608
8 96 60
8 97 221
8 98 758
8 99 954
8 100 888
9 1 146
9 2 690
9 3 949
9 4 843
9 5 430
9 6 620
9 7 748
9 8 67
9 10 536
9 11 783
9 12 35
9 13 226
9 14 185
9 15 38
9 16 853
9 17 629
9 18 224
9 19 748
9 20 923
9 21 359
9 22 257
9 23 766
9 24 944
9 25 955
9 26 318
9 27 726
9 28 411
9 29 25
9 30 355
9 31 1
9 32 549
9 33 496
9 34 584
9 35 515
9 36 964
9 37 342
9 38 75
9 39 913
9 40 142
9 41 196
9 42 948
9 43 72
9 44 426
9 45 606
9 46 173
9 47 429
9 48 404
9 49 705
9 50 626
9 51 812
9 52 375
9 53 93
9 54 565
9 55 36
9 56 736
9 57 141
9 58 814
9 59 994
9 60 256
9 61 652
9 62 936
9 63 838
9 64 482
9 65 355
9 66 15
9 67 131
9 68 230
9 69 841
9 70 625
9 71 11
9 72 637
9 73 186
9 74 690
9 75 650
9 76 662
9 77 634
9 78 893
9 79 353
9 80 416
9 81 452
9 82 8
9 83 262
9 84 233
9 85 454
9 86 303
9 87 634
9 88 303
9 89 256
9 90 148
9 91 124
9 92 317
9 93 213
9 94 109
9 95 28
9 96 200
9 97 80
9 98 318
9 99 858
9 100 50
10 1 155
10 2 361
10 3 264
10 4 903
10 5 676
10 6 643
10 7 909
10 8 902
10 9 561
10 11 489
10 12 948
10 13 282
10 14 653
10 15 674
10 16 220
10 17 402
10 18 923
10 19 831
10 20 369
10 21 878
10 22 259
10 23 8
10 24 619
10 25 971
10 26 3
10 27 945
10 28 781
10 29 504
10 30 392
10 31 685
10 32 313
10 33 698
10 34 589
10 35 722
10 36 938
10 37 37
10 38 410
10 39 461
10 40 234
10 41 508
10 42 961
10 43 959
10 44 493
10 45 515
10 46 269
10 47 937
10 48 869
10 49 58
10 50 700
10 51 971
10 52 264
10 53 117
10 54 215
10 55 555
10 56 815
10 57 330
10 58 39
10 59 212
10 60 288
10 61 82
10 62 954
10 63 85
10 64 710
10 65 484
10 66 774
10 67 380
10 68 815
10 69 951
10 70 541
10 71 115
10 72 679
10 73 110
10 74 898
10 75 73
10 76 788
10 77 977
10 78 132
10 79 956
10 80 689
10 81 113
10 82 8
10 83 941
10 84 790
10 85 723
10 86 363
10 87 28
10 88 184
10 89 778
10 90 200
10 91 71
10 92 885
10 93 974
10 94 71
10 95 333
10 96 867
10 97 153
10 98 295
10 99 168
10 100 825
11 1 676
11 2 629
11 3 650
11 4 598
11 5 309
11 6 693
11 7 686
11 8 80
11 9 116
11 10 249
11 12 667
11 13 528
11 14 679
11 15 864
11 16 421
11 17 405
11 18 826
11 19 816
11 20 516
11 21 726
11 22 666
11 23 87
11 24 681
11 25 964
11 26 340
11 27 686
11 28 21
11 29 662
11 30 721
11 31 64
11 32 309
11 33 415
11 34 902
11 35 873
11 36 124
11 37 941
11 38 745
11 39 762
11 40 423
11 41 531
11 42 806
11 43 268
11 44 318
11 45 602
11 46 907
11 47 307
11 48 481
11 49 12
11 50 136
11 51 630
11 52 114
11 53 809
11 54 84
11 55 556
11 56 290
11 57 293
11 58 996
11 59 152
11 60 54
11 61 345
11 62 708
11 63 248
11 64 491
11 65 712
11 66 131
11 67 114
11 68 439
11 69 958
11 70 722
11 71 704
11 72 995
11 73 52
11 74 269
11 75 479
11 76 238
11 77 423
11 78 918
11 79 866
11 80 659
11 81 498
11 82 486
11 83 196
11 84 462
11 85 633
11 86 158
11 87 22
11 88 146
11 89 392
11 90 37
11 91 925
11 92 647
11 93 458
11 94 602
11 95 807
11 96 98
11 97 830
11 98 292
11 99 600
11 100 278
12 1 799
12 2 352
12 3 448
12 4 882
12 5 540
12 6 315
12 7 575
12 8 762
12 9 567
12 10 336
12 11 397
12 13 418
12 14 897
12 15 828
12 16 851
12 17 816
12 18 230
12 19 449
12 20 925
12 21 658
12 22 229
12 23 520
12 24 940
12 25 560
12 26 147
12 27 162
12 28 655
12 29 675
12 30 792
12 31 361
12 32 754
12 33 398
12 34 146
12 35 714
12 36 946
12 37 188
12 38 569
12 39 638
12 40 663
12 41 75
12 42 515
12 43 521
12 44 475
12 45 615
12 46 528
12 47 234
12 48 570
12 49 905
12 50 464
12 51 557
12 52 962
12 53 161
12 54 524
12 55 549
12 56 469
12 57 330
12 58 923
12 59 350
12 60 333
12 61 925
12 62 910
12 63 737
12 64 336
12 65 337
12 66 278
12 67 393
12 68 636
12 69 714
12 70 164
12 71 591
12 72 949
12 73 135
12 74 505
12 75 337
12 76 4
12 77 337
12 78 623
12 79 664
12 80 970
12 81 608
12 82 568
12 83 281
12 84 85
12 85 152
12 86 373
12 87 652
12 88 194
12 89 876
12 90 826
12 91 396
12 92 572
12 93 249
12 94 640
12 95 174
12 96 819
12 97 943
12 98 611
12 99 941
12 100 289
13 1 419
13 2 565
13 3 805
13 4 585
13 5 216
13 6 450
13 7 615
13 8 609
13 9 64
13 10 166
13 11 893
13 12 74
13 14 509
13 15 300
13 16 695
13 17 573
13 18 589
13 19 161
13 20 172
13 21 968
13 22 358
13 23 31
13 24 268
13 25 426
13 26 510
13 27 422
13 28 774
13 29 779
13 30 910
13 31 552
13 32 182
13 33 391
13 34 495
13 35 764
13 36 874
13 37 364
13 38 902
13 39 255
13 40 460
13 41 474
13 42 972
13 43 821
13 44 122
13 45 547
13 46 577
13 47 789
13 48 605
13 49 195
13 50 594
13 51 950
13 52 343
13 53 754
13 54 481
13 55 12
13 56 672
13 57 439
13 58 428
13 59 912
13 60 762
13 61 967
13 62 408
13 63 415
13 64 908
13 65 223
13 66 759
13 67 434
13 68 204
13 69 486
13 70 319
13 71 958
13 72 945
13 73 806
13 74 166
13 75 700
13 76 367
13 77 692
13 78 787
13 79 532
13 80 556
13 81 974
13 82 447
13 83 21
13 84 283
13 85 222
13 86 331
13 87 376
13 88 583
13 89 948
13 90 723
13 91 982
13 92 18
13 93 776
13 94 220
13 95 111
13 96 182
13 97 856
13 98 490
13 99 925
13 100 324
14 1 486
14 2 677
14 3 969
14 4 643
14 5 534
14 6 677
14 7 668
14 8 68
14 9 991
14 10 196
14 11 783
14 12 828
14 13 727
14 15 426
14 16 871
14 17 697
14 18 612
14 19 703
14 20 27
14 21 408
14 22 545
14 23 508
14 24 185
14 25 238
14 26 237
14 27 443
14 28 313
14 29 501
14 30 850
14 31 128
14 32 111
14 33 650
14 34 149
14 35 192
14 36 454
14 37 869
14 38 681
14 39 465
14 40 267
14 41 713
14 42 793
14 43 634
14 44 472
14 45 972
14 46 830
14 47 901
14 48 442
14 49 177
14 50 877
14 51 770
14 52 702
14 53 364
14 54 381
14 55 590
14 56 823
14 57 237
14 58 23
14 59 179
14 60 595
14 61 169
14 62 327
14 63 42
14 64 310
14 65 182
14 66 58
14 67 926
14 68 487
14 69 670
14 70 528
14 71 651
14 72 258
14 73 213
14 74 860
14 75 783
14 76 286
14 77 742
14 78 610
14 79 472
14 80 128
14 81 434
14 82 841
14 83 718
14 84 503
14 85 867
14 86 865
14 87 938
14 88 881
14 89 257
14 90 750
14 91 614
14 92 598
14 93 458
14 94 661
14 95 63
14 96 756
14 97 807
14 98 278
14 99 489
14 100 435
15 1 365
15 2 75
15 3 586
15 4 386
15 5 833
15 6 360
15 7 330
15 8 48
15 9 928
15 10 492
15 11 433
15 12 840
15 13 766
15 14 735
15 16 810
15 17 599
15 18 837
15 19 892
15 20 982
15 21 328
15 22 352
15 23 369
15 24 244
15 25 794
15 26 608
15 27 252
15 28 647
15 29 432
15 30 535
15 31 208
15 32 264
15 33 497
15 34 243
15 35 649
15 36 15
15 37 841
15 38 189
15 39 100
15 40 812
15 41 648
15 42 523
15 43 851
15 44 474
15 45 633
15 46 891
15 47 200
15 48 854
15 49 990
15 50 697
15 51 919
15 52 780
15 53 578
15 54 931
15 55 544
15 56 340
15 57 487
15 58 899
15 59 525
15 60 483
15 61 538
15 62 492
15 63 193
15 64 252
15 65 11
15 66 560
15 67 834
15 68 840
15 69 497
15 70 785
15 71 529
15 72 540
15 73 805
15 74 791
15 75 392
15 76 210
15 77 549
15 78 578
15 79 979
15 80 971
15 81 277
15 82 73
15 83 193
15 84 620
15 85 497
15 86 826
15 87 276
15 88 790
15 89 582
15 90 578
15 91 159
15 92 418
15 93 489
15 94 159
15 95 449
15 96 924
15 97 72
15 98 380
15 99 8
15 100 967
16 1 208
16 2 477
16 3 503
16 4 370
16 5 607
16 6 196
16 7 74
16 8 722
16 9 611
16 10 19
16 11 761
16 12 56
16 13 890
16 14 163
16 15 683
16 17 716
16 18 932
16 19 452
16 20 741
16 21 954
16 22 813
16 23 862
16 24 396
16 25 460
16 26 615
16 27 904
16 28 599
16 29 136
16 30 680
16 31 198
16 32 32
16 33 387
16 34 584
16 35 240
16 36 517
16 37 6
16 38 670
16 39 241
16 40 882
16 41 249
16 42 523
16 43 758
16 44 105
16 45 621
16 46 95
16 47 296
16 48 916
16 49 678
16 50 178
16 51 579
16 52 58
16 53 577
16 54 750
16 55 7
16 56 729
16 57 81
16 58 995
16 59 678
16 60 676
16 61 753
16 62 899
16 63 784
16 64 565
16 65 93
16 66 608
16 67 172
16 68 243
16 69 929
16 70 514
16 71 168
16 72 55
16 73 191
16 74 973
16 75 922
16 76 748
16 77 651
16 78 986
16 79 144
16 80 446
16 81 577
16 82 517
16 83 629
16 84 916
16 85 874
16 86 791
16 87 469
16 88 912
16 89 146
16 90 693
16 91 91
16 92 815
16 93 949
16 94 857
16 95 640
16 96 52
16 97 236
16 98 551
16 99 487
16 100 226
17 1 162
17 2 955
17 3 183
17 4 394
17 5 180
17 6 97
17 7 65
17 8 65
17 9 513
17 10 261
17 11 578
17 12 78
17 13 878
17 14 140
17 15 611
17 16 947
17 18 445
17 19 170
17 20 975
17 21 489
17 22 750
17 23 149
17 24 333
17 25 865
17 26 214
17 27 282
17 28 7
17 29 432
17 30 896
17 31 367
17 32 522
17 33 882
17 34 810
17 35 641
17 36 231
17 37 187
17 38 705
17 39 479
17 40 321
17 41 538
17 42 351
17 43 447
17 44 208
17 45 646
17 46 276
17 47 759
17 48 189
17 49 422
17 50 666
17 51 486
17 52 455
17 53 28
17 54 614
17 55 860
17 56 253
17 57 777
17 58 348
17 59 503
17 60 861
17 61 431
17 62 82
17 63 455
17 64 197
17 65 106
17 66 752
17 67 821
17 68 296
17 69 281
17 70 21
17 71 455
17 72 947
17 73 124
17 74 318
17 75 135
17 76 376
17 77 774
17 78 859
17 79 998
17 80 74
17 81 253
17 82 922
17 83 635
17 84 643
17 85 888
17 86 153
17 87 232
17 88 747
17 89 680
17 90 926
17 91 678
17 92 450
17 93 801
17 94 961
17 95 199
17 96 855
17 97 363
17 98 716
17 99 573
17 100 561
18 1 245
18 2 473
18 3 274
18 4 550
18 5 353
18 6 181
18 7 287
18 8 699
18 9 110
18 10 643
18 11 465
18 12 172
18 13 529
18 14 981
18 15 112
18 16 476
18 17 381
18 19 247
18 20 890
18 21 671
18 22 805
18 23 372
18 24 32
18 25 989
18 26 320
18 27 165
18 28 431
18 29 658
18 30 293
18 31 206
18 32 578
18 33 948
18 34 206
18 35 171
18 36 166
18 37 396
18 38 697
18 39 20
18 40 694
18 41 529
18 42 788
18 43 109
18 44 984
18 45 969
18 46 978
18 47 617
18 48 15
18 49 626
18 50 684
18 51 168
18 52 906
18 53 928
18 54 97
18 55 118
18 56 390
18 57 199
18 58 785
18 59 486
18 60 199
18 61 420
18 62 710
18 63 271
18 64 813
18 65 415
18 66 85
18 67 318
18 68 580
18 69 331
18 70 267
18 71 387
18 72 444
18 73 186
18 74 507
18 75 360
18 76 827
18 77 74
18 78 431
18 79 152
18 80 271
18 81 268
18 82 693
18 83 885
18 84 337
18 85 311
18 86 604
18 87 677
18 88 406
18 89 768
18 90 22
18 91 413
18 92 0
18 93 542
18 94 537
18 95 38
18 96 388
18 97 355
18 98 289
18 99 647
18 100 181
19 1 93
19 2 584
19 3 987
19 4 761
19 5 493
19 6 217
19 7 501
19 8 482
19 9 447
19 10 665
19 11 753
19 12 104
19 13 84
19 14 95
19 15 525
19 16 221
19 17 964
19 18 781
19 20 872
19 21 106
19 22 656
19 23 343
19 24 593
19 25 80
19 26 80
19 27 868
19 28 411
19 29 713
19 30 968
19 31 251
19 32 216
19 33 79
19 34 768
19 35 40
19 36 531
19 37 933
19 38 779
19 39 663
19 40 259
19 41 653
19 42 936
19 43 95
19 44 365
19 45 874
19 46 720
19 47 835
19 48 680
19 49 976
19 50 455
19 51 725
19 52 71
19 53 808
19 54 559
19 55 156
19 56 602
19 57 832
19 58 905
19 59 440
19 60 375
19 61 562
19 62 885
19 63 962
19 64 80
19 65 836
19 66 797
19 67 202
19 68 508
19 69 80
19 70 340
19 71 76
19 72 58
19 73 493
19 74 740
19 75 546
19 76 474
19 77 773
19 78 97
19 79 880
19 80 335
19 81 72
19 82 400
19 83 707
19 84 955
19 85 666
19 86 141
19 87 588
19 88 481
19 89 168
19 90 315
19 91 396
19 92 225
19 93 9
19 94 12
19 95 136
19 96 455
19 97 762
19 98 43
19 99 742
19 100 21
20 1 922
20 2 512
20 3 248
20 4 18
20 5 368
20 6 717
20 7 714
20 8 650
20 9 290
20 10 335
20 11 759
20 12 169
20 13 895
20 14 303
20 15 640
20 16 979
20 17 199
20 18 105
20 19 791
20 21 661
20 22 681
20 23 652
20 24 753
20 25 33
20 26 29
20 27 987
20 28 42
20 29 253
20 30 83
20 31 420
20 32 814
20 33 718
20 34 244
20 35 63
20 36 229
20 37 652
20 38 864
20 39 769
20 40 470
20 41 5
20 42 47
20 43 594
20 44 487
20 45 326
20 46 276
20 47 323
20 48 540
20 49 679
20 50 990
20 51 588
20 52 710
20 53 271
20 54 945
20 55 221
20 56 470
20 57 183
20 58 589
20 59 955
20 60 978
20 61 779
20 62 6
20 63 262
20 64 135
20 65 487
20 66 196
20 67 33
20 68 88
20 69 935
20 70 779
20 71 993
20 72 790
20 73 962
20 74 965
20 75 1
20 76 105
20 77 807
20 78 567
20 79 669
20 80 134
20 81 671
20 82 457
20 83 998
20 84 545
20 85 597
20 86 218
20 87 838
20 88 844
20 89 372
20 90 563
20 91 28
20 92 264
20 93 801
20 94 723
20 95 490
20 96 604
20 97 601
20 98 227
20 99 197
20 100 692
21 1 771
21 2 363
21 3 301
21 4 363
21 5 721
21 6 565
21 7 421
21 8 445
21 9 610
21 10 495
21 11 741
21 12 22
21 13 812
21 14 151
21 15 15
21 16 55
21 17 393
21 18 738
21 19 279
21 20 882
21 22 608
21 23 654
21 24 822
21 25 707
21 26 245
21 27 338
21 28 144
21 29 290
21 30 339
21 31 154
21 32 604
21 33 623
21 34 225
21 35 78
21 36 724
21 37 981
21 38 330
21 39 733
21 40 223
21 41 594
21 42 130
21 43 846
21 44 987
21 45 445
21 46 805
21 47 616
21 48 750
21 49 489
21 50 338
21 51 963
21 52 135
21 53 697
21 54 209
21 55 630
21 56 224
21 57 908
21 58 737
21 59 474
21 60 920
21 61 372
21 62 293
21 63 855
21 64 734
21 65 561
21 66 56
21 67 606
21 68 184
21 69 75
21 70 382
21 71 119
21 72 741
21 73 432
21 74 684
21 75 779
21 76 279
21 77 283
21 78 667
21 79 836
21 80 125
21 81 118
21 82 737
21 83 28
21 84 119
21 85 577
21 86 737
21 87 91
21 88 556
21 89 795
21 90 60
21 91 901
21 92 793
21 93 432
21 94 136
21 95 580
21 96 875
21 97 907
21 98 184
21 99 74
21 100 719
22 1 790
22 2 476
22 3 41
22 4 351
22 5 329
22 6 290
22 7 974
22 8 72
22 9 591
22 10 189
22 11 787
22 12 490
22 13 239
22 14 893
22 15 53
22 16 63
22 17 681
22 18 903
22 19 5
22 20 176
22 21 479
22 23 695
22 24 139
22 25 468
22 26 998
22 27 83
22 28 639
22 29 515
22 30 621
22 31 993
22 32 826
22 33 722
22 34 838
22 35 828
22 36 581
22 37 399
22 38 978
22 39 891
22 40 23
22 41 943
22 42 834
22 43 243
22 44 349
22 45 702
22 46 707
22 47 502
22 48 141
22 49 687
22 50 346
22 51 891
22 52 637
22 53 413
22 54 400
22 55 816
22 56 690
22 57 162
22 58 935
22 59 126
22 60 410
22 61 877
22 62 382
22 63 260
22 64 189
22 65 705
22 66 874
22 67 663
22 68 722
22 69 195
22 70 566
22 71 360
22 72 38
22 73 588
22 74 811
22 75 245
22 76 467
22 77 425
22 78 867
22 79 189
22 80 542
22 81 63
22 82 547
22 83 502
22 84 617
22 85 99
22 86 23
22 87 226
22 88 203
22 89 48
22 90 51
22 91 570
22 92 636
22 93 458
22 94 967
22 95 456
22 96 405
22 97 531
22 98 962
22 99 819
22 100 975
23 1 556
23 2 531
23 3 495
23 4 44
23 5 591
23 6 803
23 7 388
23 8 915
23 9 450
23 10 319
23 11 272
23 12 791
23 13 383
23 14 133
23 15 775
23 16 642
23 17 569
23 18 300
23 19 954
23 20 78
23 21 585
23 22 257
23 24 333
23 25 893
23 26 490
23 27 103
23 28 750
23 29 233
23 30 722
23 31 271
23 32 611
23 33 990
23 34 338
23 35 641
23 36 258
23 37 47
23 38 352
23 39 658
23 40 479
23 41 302
23 42 683
23 43 990
23 44 2
23 45 568
23 46 422
23 47 895
23 48 135
23 49 8
23 50 361
23 51 742
23 52 194
23 53 699
23 54 188
23 55 178
23 56 42
23 57 357
23 58 941
23 59 847
23 60 469
23 61 345
23 62 380
23 63 913
23 64 964
23 65 710
23 66 61
23 67 385
23 68 73
23 69 504
23 70 462
23 71 703
23 72 102
23 73 69
23 74 154
23 75 529
23 76 552
23 77 74
23 78 149
23 79 730
23 80 244
23 81 844
23 82 49
23 83 118
23 84 65
23 85 363
23 86 552
23 87 773
23 88 470
23 89 731
23 90 747
23 91 511
23 92 869
23 93 398
23 94 498
23 95 103
23 96 352
23 97 679
23 98 53
23 99 43
23 100 522
24 1 88
24 2 563
24 3 834
24 4 850
24 5 22
24 6 240
24 7 911
24 8 492
24 9 651
24 10 580
24 11 477
24 12 616
24 13 876
24 14 178
24 15 220
24 16 615
24 17 348
24 18 798
24 19 179
24 20 635
24 21 857
24 22 883
24 23 662
24 25 902
24 26 262
24 27 420
24 28 770
24 29 22
24 30 273
24 31 841
24 32 686
24 33 888
24 34 917
24 35 717
24 36 892
24 37 698
24 38 267
24 39 749
24 40 65
24 41 389
24 42 932
24 43 619
24 44 81
24 45 3
24 46 130
24 47 28
24 48 631
24 49 589
24 50 152
24 51 630
24 52 172
24 53 864
24 54 407
24 55 295
24 56 428
24 57 681
24 58 490
24 59 610
24 60 177
24 61 71
24 62 236
24 63 459
24 64 643
24 65 840
24 66 633
24 67 37
24 68 893
24 69 630
24 70 274
24 71 993
24 72 782
24 73 203
24 74 461
24 75 290
24 76 662
24 77 307
24 78 997
24 79 151
24 80 423
24 81 890
24 82 717
24 83 640
24 84 703
24 85 566
24 86 883
24 87 661
24 88 659
24 89 245
24 90 386
24 91 651
24 92 765
24 93 601
24 94 840
24 95 209
24 96 497
24 97 283
24 98 250
24 99 58
24 100 421
25 1 175
25 2 581
25 3 787
25 4 271
25 5 287
25 6 999
25 7 504
25 8 979
25 9 138
25 10 700
25 11 530
25 12 461
25 13 118
25 14 205
25 15 540
25 16 828
25 17 459
25 18 622
25 19 398
25 20 760
25 21 98
25 22 935
25 23 481
25 24 614
25 26 567
25 27 493
25 28 596
25 29 161
25 30 746
25 31 538
25 32 670
25 33 538
25 34 476
25 35 555
25 36 917
25 37 371
25 38 760
25 39 752
25 40 758
25 41 433
25 42 255
25 43 65
25 44 726
25 45 401
25 46 34
25 47 759
25 48 393
25 49 548
25 50 273
25 51 792
25 52 193
25 53 933
25 54 137
25 55 103
25 56 690
25 57 211
25 58 694
25 59 668
25 60 627
25 61 498
25 62 989
25 63 248
25 64 879
25 65 647
25 66 149
25 67 931
25 68 669
25 69 875
25 70 598
25 71 449
25 72 436
25 73 599
25 74 123
25 75 443
25 76 731
25 77 154
25 78 861
25 79 434
25 80 385
25 81 967
25 82 816
25 83 393
25 84 704
25 85 866
25 86 953
25 87 308
25 88 223
25 89 684
25 90 792
25 91 667
25 92 48
25 93 469
25 94 930
25 95 811
25 96 814
25 97 90
25 98 427
25 99 743
25 100 604
26 1 599
26 2 474
26 3 195
26 4 506
26 5 158
26 6 589
26 7 858
26 8 809
26 9 889
26 10 447
26 11 40
26 12 818
26 13 364
26 14 975
26 15 26
26 16 89
26 17 503
26 18 66
26 19 412
26 20 840
26 21 570
26 22 676
26 23 395
26 24 641
26 25 986
26 27 651
26 28 109
26 29 187
26 30 83
26 31 85
26 32 390
26 33 250
26 34 686
26 35 755
26 36 381
26 37 128
26 38 502
26 39 277
26 40 862
26 41 424
26 42 565
26 43 872
26 44 832
26 45 885
26 46 428
26 47 646
26 48 889
26 49 478
26 50 883
26 51 925
26 52 265
26 53 260
26 54 45
26 55 778
26 56 821
26 57 855
26 58 520
26 59 927
26 60 773
26 61 134
26 62 251
26 63 675
26 64 336
26 65 334
26 66 1
26 67 737
26 68 310
26 69 974
26 70 590
26 71 356
26 72 71
26 73 80
26 74 935
26 75 145
26 76 282
26 77 825
26 78 718
26 79 573
26 80 712
26 81 37
26 82 998
26 83 905
26 84 162
26 85 717
26 86 692
26 87 539
26 88 47
26 89 946
26 90 103
26 91 231
26 92 115
26 93 839
26 94 858
26 95 829
26 96 645
26 97 394
26 98 199
26 99 645
26 100 272
27 1 675
27 2 862
27 3 72
27 4 773
27 5 480
27 6 238
27 7 897
27 8 542
27 9 608
27 10 203
27 11 277
27 12 125
27 13 134
27 14 401
27 15 78
27 16 382
27 17 169
27 18 736
27 19 478
27 20 939
27 21 138
27 22 721
27 23 426
27 24 663
27 25 677
27 26 575
27 28 724
27 29 981
27 30 700
27 31 961
27 32 862
27 33 2
27 34 448
27 35 95
27 36 684
27 37 16
27 38 137
27 39 507
27 40 993
27 41 284
27 42 944
27 43 259
27 44 821
27 45 58
27 46 643
27 47 668
27 48 677
27 49 119
27 50 857
27 51 41
27 52 891
27 53 264
27 54 623
27 55 915
27 56 72
27 57 929
27 58 841
27 59 715
27 60 615
27 61 536
27 62 957
27 63 759
27 64 700
27 65 452
27 66 93
27 67 241
27 68 829
27 69 448
27 70 227
27 71 798
27 72 224
27 73 324
27 74 274
27 75 133
27 76 885
27 77 38
27 78 170
27 79 862
27 80 629
27 81 84
27 82 909
27 83 878
27 84 923
27 85 85
27 86 400
27 87 24
27 88 193
27 89 105
27 90 412
27 91 765
27 92 767
27 93 407
27 94 677
27 95 784
27 96 704
27 97 790
27 98 834
27 99 891
27 100 621
28 1 85
28 2 734
28 3 190
28 4 542
28 5 998
28 6 86
28 7 18
28 8 621
28 9 424
28 10 597
28 11 376
28 12 254
28 13 669
28 14 108
28 15 927
28 16 493
28 17 68
28 18 366
28 19 102
28 20 438
28 21 600
28 22 819
28 23 318
28 24 290
28 25 984
28 26 339
28 27 556
28 29 808
28 30 632
28 31 478
28 32 814
28 33 787
28 34 239
28 35 74
28 36 20
28 37 827
28 38 554
28 39 988
28 40 441
28 41 798
28 42 642
28 43 2
28 44 321
28 45 104
28 46 946
28 47 56
28 48 509
28 49 833
28 50 708
28 51 761
28 52 533
28 53 686
28 54 804
28 55 385
28 56 142
28 57 842
28 58 260
28 59 161
28 60 620
28 61 343
28 62 578
28 63 187
28 64 113
28 65 63
28 66 591
28 67 934
28 68 415
28 69 656
28 70 761
28 71 12
28 72 411
28 73 959
28 74 251
28 75 738
28 76 370
28 77 124
28 78 507
28 79 7
28 80 584
28 81 951
28 82 101
28 83 489
28 84 958
28 85 441
28 86 790
28 87 13
28 88 412
28 89 855
28 90 60
28 91 93
28 92 472
28 93 402
28 94 676
28 95 543
28 96 373
28 97 266
28 98 651
28 99 275
28 100 528
29 1 532
29 2 761
29 3 469
29 4 503
29 5 729
29 6 107
29 7 892
29 8 451
29 9 953
29 10 392
29 11 570
29 12 519
29 13 472
29 14 407
29 15 494
29 16 505
29 17 440
29 18 383
29 19 262
29 20 409
29 21 607
29 22 38
29 23 360
29 24 471
29 25 171
29 26 654
29 27 947
29 28 514
29 30 523
29 31 229
29 32 489
29 33 766
29 34 887
29 35 756
29 36 632
29 37 470
29 38 739
29 39 666
29 40 522
29 41 283
29 42 160
29 43 553
29 44 705
29 45 91
29 46 259
29 47 386
29 48 687
29 49 629
29 50 42
29 51 317
29 52 45
29 53 356
29 54 388
29 55 452
29 56 154
29 57 466
29 58 833
29 59 760
29 60 919
29 61 631
29 62 738
29 63 267
29 64 776
29 65 98
29 66 314
29 67 320
29 68 53
29 69 7
29 70 469
29 71 216
29 72 722
29 73 842
29 74 7
29 75 463
29 76 260
29 77 947
29 78 793
29 79 630
29 80 717
29 81 43
29 82 376
29 83 314
29 84 626
29 85 117
29 86 334
29 87 620
29 88 171
29 89 792
29 90 964
29 91 154
29 92 866
29 93 693
29 94 664
29 95 775
29 96 0
29 97 212
29 98 100
29 99 551
29 100 476
30 1 379
30 2 943
30 3 877
30 4 789
30 5 361
30 6 385
30 7 272
30 8 434
30 9 144
30 10 561
30 11 563
30 12 504
30 13 946
30 14 888
30 15 308
30 16 157
30 17 430
30 18 123
30 19 464
30 20 74
30 21 346
30 22 837
30 23 981
30 24 318
30 25 611
30 26 292
30 27 591
30 28 832
30 29 123
30 31 461
30 32 991
30 33 461
30 34 330
30 35 498
30 36 369
30 37 291
30 38 400
30 39 179
30 40 117
30 41 317
30 42 914
30 43 595
30 44 441
30 45 936
30 46 867
30 47 28
30 48 453
30 49 909
30 50 973
30 51 981
30 52 503
30 53 569
30 54 816
30 55 883
30 56 367
30 57 385
30 58 402
30 59 230
30 60 157
30 61 681
30 62 567
30 63 310
30 64 866
30 65 687
30 66 171
30 67 477
30 68 245
30 69 764
30 70 238
30 71 671
30 72 47
30 73 115
30 74 592
30 75 311
30 76 657
30 77 405
30 78 53
30 79 171
30 80 580
30 81 740
30 82 530
30 83 675
30 84 320
30 85 790
30 86 377
30 87 998
30 88 586
30 89 604
30 90 489
30 91 631
30 92 744
30 93 388
30 94 610
30 95 718
30 96 919
30 97 259
30 98 927
30 99 609
30 100 119
31 1 479
31 2 716
31 3 300
31 4 396
31 5 853
31 6 458
31 7 830
31 8 593
31 9 806
31 10 849
31 11 854
31 12 272
31 13 160
31 14 294
31 15 54
31 16 333
31 17 146
31 18 229
31 19 471
31 20 428
31 21 559
31 22 241
31 23 421
31 24 688
31 25 366
31 26 33
31 27 685
31 28 270
31 29 329
31 30 261
31 32 860
31 33 208
31 34 982
31 35 162
31 36 506
31 37 878
31 38 979
31 39 897
31 40 887
31 41 538
31 42 469
31 43 783
31 44 540
31 45 795
31 46 266
31 47 633
31 48 509
31 49 557
31 50 317
31 51 134
31 52 53
31 53 135
31 54 258
31 55 593
31 56 843
31 57 693
31 58 466
31 59 951
31 60 140
31 61 94
31 62 937
31 63 174
31 64 512
31 65 97
31 66 551
31 67 695
31 68 817
31 69 492
31 70 292
31 71 237
31 72 530
31 73 613
31 74 296
31 75 710
31 76 389
31 77 628
31 78 809
31 79 786
31 80 744
31 81 840
31 82 182
31 83 569
31 84 120
31 85 393
31 86 292
31 87 962
31 88 214
31 89 527
31 90 807
31 91 194
31 92 705
31 93 713
31 94 11
31 95 913
31 96 693
31 97 664
31 98 203
31 99 995
31 100 762
32 1 381
32 2 946
32 3 909
32 4 48
32 5 768
32 6 624
32 7 511
32 8 954
32 9 235
32 10 127
32 11 633
32 12 240
32 13 862
32 14 127
32 15 577
32 16 817
32 17 340
32 18 142
32 19 100
32 20 400
32 21 558
32 22 476
32 23 154
32 24 935
32 25 430
32 26 831
32 27 295
32 28 537
32 29 623
32 30 922
32 31 927
32 33 29
32 34 211
32 35 211
32 36 754
32 37 880
32 38 253
32 39 293
32 40 321
32 41 785
32 42 528
32 43 443
32 44 0
32 45 555
32 46 671
32 47 270
32 48 452
32 49 375
32 50 631
32 51 640
32 52 934
32 53 40
32 54 986
32 55 834
32 56 248
32 57 539
32 58 765
32 59 796
32 60 312
32 61 262
32 62 52
32 63 731
32 64 987
32 65 464
32 66 557
32 67 248
32 68 556
32 69 170
32 70 450
32 71 182
32 72 301
32 73 293
32 74 99
32 75 332
32 76 44
32 77 331
32 78 75
32 79 4
32 80 50
32 81 26
32 82 66
32 83 738
32 84 801
32 85 623
32 86 843
32 87 441
32 88 380
32 89 695
32 90 918
32 91 659
32 92 363
32 93 628
32 94 329
32 95 88
32 96 854
32 97 613
32 98 979
32 99 569
32 100 666
33 1 679
33 2 577
33 3 837
33 4 402
33 5 115
33 6 292
33 7 723
33 8 872
33 9 448
33 10 323
33 11 153
33 12 948
33 13 395
33 14 197
33 15 508
33 16 908
33 17 411
33 18 993
33 19 665
33 20 781
33 21 202
33 22 610
33 23 828
33 24 256
33 25 705
33 26 965
33 27 23
33 28 769
33 29 715
33 30 253
33 31 805
33 32 684
33 34 478
33 35 145
33 36 840
33 37 833
33 38 285
33 39 900
33 40 968
33 41 994
33 42 633
33 43 885
33 44 348
33 45 281
33 46 32
33 47 256
33 48 910
33 49 872
33 50 982
33 51 901
33 52 306
33 53 635
33 54 860
33 55 471
33 56 527
33 57 137
33 58 343
33 59 768
33 60 233
33 61 995
33 62 171
33 63 603
33 64 942
33 65 11
33 66 879
33 67 34
33 68 512
33 69 593
33 70 530
33 71 161
33 72 234
33 73 258
33 74 926
33 75 906
33 76 191
33 77 443
33 78 188
33 79 227
33 80 719
33 81 484
33 82 224
33 83 93
33 84 435
33 85 224
33 86 94
33 87 582
33 88 867
33 89 627
33 90 5
33 91 146
33 92 686
33 93 589
33 94 540
33 95 237
33 96 850
33 97 759
33 98 578
33 99 956
33 100 677
34 1 403
34 2 42
34 3 300
34 4 811
34 5 225
34 6 143
34 7 595
34 8 16
34 9 615
34 10 804
34 11 6
34 12 368
34 13 641
34 14 335
34 15 698
34 16 325
34 17 313
34 18 23
34 19 312
34 20 618
34 21 457
34 22 396
34 23 339
34 24 86
34 25 94
34 26 846
34 27 43
34 28 522
34 29 911
34 30 280
34 31 455
34 32 358
34 33 847
34 35 870
34 36 990
34 37 873
34 38 327
34 39 413
34 40 454
34 41 896
34 42 472
34 43 450
34 44 241
34 45 641
34 46 646
34 47 525
34 48 213
34 49 824
34 50 929
34 51 695
34 52 403
34 53 594
34 54 993
34 55 67
34 56 187
34 57 640
34 58 79
34 59 41
34 60 125
34 61 534
34 62 860
34 63 0
34 64 907
34 65 621
34 66 692
34 67 293
34 68 117
34 69 717
34 70 403
34 71 943
34 72 893
34 73 639
34 74 11
34 75 925
34 76 28
34 77 978
34 78 748
34 79 850
34 80 892
34 81 444
34 82 654
34 83 623
34 84 353
34 85 36
34 86 547
34 87 346
34 88 826
34 89 61
34 90 904
34 91 238
34 92 571
34 93 886
34 94 405
34 95 299
34 96 56
34 97 728
34 98 267
34 99 751
34 100 19
35 1 991
35 2 166
35 3 717
35 4 846
35 5 93
35 6 187
35 7 421
35 8 912
35 9 867
35 10 299
35 11 444
35 12 897
35 13 201
35 14 328
35 15 942
35 16 104
35 17 768
35 18 768
35 19 641
35 20 296
35 21 262
35 22 720
35 23 244
35 24 918
35 25 625
35 26 219
35 27 584
35 28 174
35 29 984
35 30 459
35 31 149
35 32 14
35 33 695
35 34 503
35 36 32
35 37 851
35 38 537
35 39 814
35 40 363
35 41 651
35 42 219
35 43 290
35 44 917
35 45 683
35 46 918
35 47 584
35 48 252
35 49 586
35 50 269
35 51 248
35 52 137
35 53 397
35 54 424
35 55 168
35 56 27
35 57 148
35 58 993
35 59 382
35 60 271
35 61 669
35 62 893
35 63 877
35 64 14
35 65 104
35 66 484
35 67 943
35 68 495
35 69 811
35 70 293
35 71 892
35 72 798
35 73 990
35 74 299
35 75 890
35 76 493
35 77 74
35 78 549
35 79 774
35 80 314
35 81 173
35 82 69
35 83 218
35 84 865
35 85 833
35 86 238
35 87 911
35 88 252
35 89 463
35 90 508
35 91 149
35 92 88
35 93 245
35 94 231
35 95 920
35 96 106
35 97 271
35 98 368
35 99 421
35 100 258
36 1 157
36 2 647
36 3 982
36 4 238
36 5 122
36 6 723
36 7 906
36 8 706
36 9 189
36 10 156
36 11 345
36 12 351
36 13 923
36 14 118
36 15 550
36 16 97
36 17 836
36 18 591
36 19 406
36 20 510
36 21 813
36 22 651
36 23 880
36 24 844
36 25 743
36 26 741
36 27 245
36 28 578
36 29 949
36 30 705
36 31 514
36 32 785
36 33 227
36 34 624
36 35 204
36 37 356
36 38 917
36 39 227
36 40 555
36 41 102
36 42 286
36 43 468
36 44 698
36 45 979
36 46 411
36 47 489
36 48 758
36 49 490
36 50 775
36 51 410
36 52 132
36 53 89
36 54 296
36 55 950
36 56 112
36 57 122
36 58 529
36 59 672
36 60 836
36 61 277
36 62 553
36 63 976
36 64 670
36 65 85
36 66 652
36 67 751
36 68 397
36 69 751
36 70 1
36 71 435
36 72 693
36 73 72
36 74 916
36 75 716
36 76 328
36 77 511
36 78 125
36 79 838
36 80 296
36 81 939
36 82 544
36 83 56
36 84 826
36 85 902
36 86 758
36 87 588
36 88 21
36 89 586
36 90 108
36 91 777
36 92 628
36 93 979
36 94 947
36 95 549
36 96 280
36 97 245
36 98 128
36 99 62
36 100 426
37 1 719
37 2 677
37 3 91
37 4 47
37 5 785
37 6 231
37 7 406
37 8 684
37 9 954
37 10 769
37 11 709
37 12 956
37 13 421
37 14 945
37 15 465
37 16 16
37 17 860
37 18 497
37 19 335
37 20 190
37 21 677
37 22 49
37 23 5
37 24 886
37 25 388
37 26 675
37 27 143
37 28 377
37 29 130
37 30 487
37 31 555
37 32 482
37 33 253
37 34 0
37 35 754
37 36 289
37 38 488
37 39 215
37 40 8
37 41 310
37 42 940
37 43 799
37 44 997
37 45 707
37 46 454
37 47 304
37 48 237
37 49 485
37 50 499
37 51 792
37 52 613
37 53 612
37 54 682
37 55 983
37 56 351
37 57 129
37 58 137
37 59 33
37 60 600
37 61 864
37 62 683
37 63 857
37 64 968
37 65 710
37 66 968
37 67 708
37 68 641
37 69 732
37 70 437
37 71 684
37 72 499
37 73 701
37 74 869
37 75 583
37 76 256
37 77 692
37 78 640
37 79 87
37 80 12
37 81 810
37 82 820
37 83 835
37 84 663
37 85 615
37 86 897
37 87 677
37 88 774
37 89 134
37 90 553
37 91 533
37 92 878
37 93 286
37 94 624
37 95 734
37 96 75
37 97 349
37 98 712
37 99 984
37 100 624
38 1 792
38 2 504
38 3 822
38 4 55
38 5 913
38 6 462
38 7 473
38 8 84
38 9 160
38 10 122
38 11 53
38 12 397
38 13 822
38 14 750
38 15 337
38 16 917
38 17 6
38 18 931
38 19 197
38 20 505
38 21 236
38 22 357
38 23 599
38 24 290
38 25 898
38 26 985
38 27 447
38 28 84
38 29 592
38 30 725
38 31 996
38 32 855
38 33 828
38 34 338
38 35 342
38 36 428
38 37 795
38 39 742
38 40 37
38 41 506
38 42 767
38 43 53
38 44 793
38 45 505
38 46 146
38 47 609
38 48 924
38 49 854
38 50 465
38 51 239
38 52 206
38 53 209
38 54 492
38 55 499
38 56 175
38 57 36
38 58 61
38 59 647
38 60 618
38 61 13
38 62 727
38 63 712
38 64 896
38 65 909
38 66 841
38 67 130
38 68 90
38 69 34
38 70 915
38 71 286
38 72 523
38 73 666
38 74 344
38 75 736
38 76 37
38 77 416
38 78 893
38 79 949
38 80 971
38 81 844
38 82 777
38 83 285
38 84 200
38 85 590
38 86 285
38 87 325
38 88 118
38 89 668
38 90 6
38 91 729
38 92 8
38 93 541
38 94 225
38 95 536
38 96 980
38 97 716
38 98 470
38 99 384
38 100 747
39 1 328
39 2 936
39 3 204
39 4 700
39 5 523
39 6 364
39 7 411
39 8 40
39 9 250
39 10 504
39 11 483
39 12 766
39 13 141
39 14 670
39 15 845
39 16 506
39 17 88
39 18 256
39 19 107
39 20 266
39 21 857
39 22 678
39 23 199
39 24 674
39 25 155
39 26 191
39 27 990
39 28 832
39 29 858
39 30 996
39 31 917
39 32 290
39 33 967
39 34 707
39 35 234
39 36 246
39 37 462
39 38 402
39 40 239
39 41 426
39 42 95
39 43 906
39 44 314
39 45 350
39 46 586
39 47 279
39 48 776
39 49 822
39 50 879
39 51 301
39 52 812
39 53 676
39 54 164
39 55 357
39 56 570
39 57 38
39 58 312
39 59 144
39 60 561
39 61 180
39 62 200
39 63 643
39 64 856
39 65 61
39 66 647
39 67 939
39 68 808
39 69 290
39 70 452
39 71 979
39 72 618
39 73 419
39 74 7
39 75 284
39 76 547
39 77 977
39 78 675
39 79 613
39 80 709
39 81 371
39 82 642
39 83 339
39 84 336
39 85 621
39 86 501
39 87 34
39 88 129
39 89 358
39 90 436
39 91 469
39 92 897
39 93 504
39 94 798
39 95 202
39 96 105
39 97 238
39 98 32
39 99 65
39 100 516
40 1 481
40 2 579
40 3 23
40 4 727
40 5 771
40 6 313
40 7 382
40 8 140
40 9 816
40 10 488
40 11 319
40 12 589
40 13 513
40 14 259
40 15 851
40 16 271
40 17 283
40 18 364
40 19 38
40 20 12
40 21 184
40 22 759
40 23 501
40 24 574
40 25 733
40 26 59
40 27 714
40 28 649
40 29 595
40 30 522
40 31 541
40 32 416
40 33 377
40 34 52
40 35 565
40 36 891
40 37 138
40 38 310
40 39 967
40 41 55
40 42 787
40 43 224
40 44 222
40 45 439
40 46 441
40 47 648
40 48 804
40 49 834
40 50 368
40 51 441
40 52 872
40 53 668
40 54 974
40 55 176
40 56 137
40 57 633
40 58 241
40 59 745
40 60 18
40 61 15
40 62 974
40 63 252
40 64 846
40 65 956
40 66 524
40 67 966
40 68 581
40 69 144
40 70 240
40 71 334
40 72 296
40 73 876
40 74 27
40 75 205
40 76 18
40 77 291
40 78 641
40 79 465
40 80 191
40 81 471
40 82 259
40 83 700
40 84 217
40 85 16
40 86 943
40 87 624
40 88 64
40 89 505
40 90 157
40 91 502
40 92 666
40 93 275
40 94 46
40 95 632
40 96 789
40 97 46
40 98 145
40 99 3
40 100 152
41 1 901
41 2 326
41 3 153
41 4 184
41 5 649
41 6 350
41 7 405
41 8 346
41 9 25
41 10 970
41 11 336
41 12 795
41 13 793
41 14 323
41 15 532
41 16 856
41 17 896
41 18 210
41 19 776
41 20 692
41 21 550
41 22 290
41 23 795
41 24 852
41 25 350
41 26 315
41 27 36
41 28 361
41 29 760
41 30 984
41 31 729
41 32 534
41 33 50
41 34 82
41 35 806
41 36 936
41 37 584
41 38 790
41 39 617
41 40 182
41 42 66
41 43 116
41 44 388
41 45 425
41 46 101
41 47 610
41 48 450
41 49 982
41 50 621
41 51 193
41 52 38
41 53 754
41 54 593
41 55 895
41 56 280
41 57 638
41 58 167
41 59 420
41 60 345
41 61 883
41 62 865
41 63 696
41 64 833
41 65 390
41 66 632
41 67 189
41 68 839
41 69 183
41 70 817
41 71 129
41 72 753
41 73 679
41 74 613
41 75 600
41 76 252
41 77 145
41 78 861
41 79 151
41 80 318
41 81 963
41 82 813
41 83 907
41 84 554
41 85 476
41 86 617
41 87 211
41 88 429
41 89 264
41 90 966
41 91 531
41 92 942
41 93 698
41 94 522
41 95 155
41 96 587
41 97 257
41 98 158
41 99 464
41 100 762
42 1 510
42 2 946
42 3 65
42 4 380
42 5 165
42 6 946
42 7 540
42 8 297
42 9 42
42 10 464
42 11 194
42 12 584
42 13 270
42 14 715
42 15 200
42 16 206
42 17 106
42 18 302
42 19 696
42 20 833
42 21 611
42 22 67
42 23 415
42 24 645
42 25 175
42 26 354
42 27 448
42 28 919
42 29 79
42 30 988
42 31 321
42 32 592
42 33 597
42 34 197
42 35 509
42 36 652
42 37 71
42 38 658
42 39 122
42 40 859
42 41 997
42 43 999
42 44 899
42 45 120
42 46 320
42 47 36
42 48 984
42 49 912
42 50 915
42 51 953
42 52 485
42 53 741
42 54 199
42 55 567
42 56 208
42 57 844
42 58 169
42 59 681
42 60 879
42 61 108
42 62 207
42 63 259
42 64 706
42 65 849
42 66 75
42 67 26
42 68 124
42 69 607
42 70 774
42 71 884
42 72 128
42 73 546
42 74 145
42 75 481
42 76 714
42 77 149
42 78 168
42 79 338
42 80 307
42 81 793
42 82 504
42 83 105
42 84 697
42 85 217
42 86 955
42 87 641
42 88 343
42 89 133
42 90 97
42 91 679
42 92 736
42 93 555
42 94 633
42 95 954
42 96 930
42 97 252
42 98 904
42 99 279
42 100 488
43 1 870
43 2 754
43 3 72
43 4 176
43 5 701
43 6 415
43 7 86
43 8 231
43 9 480
43 10 975
43 11 260
43 12 514
43 13 938
43 14 657
43 15 990
43 16 438
43 17 981
43 18 447
43 19 242
43 20 618
43 21 70
43 22 631
43 23 61
43 24 219
43 25 781
43 26 990
43 27 833
43 28 672
43 29 563
43 30 302
43 31 502
43 32 928
43 33 721
43 34 898
43 35 447
43 36 945
43 37 406
43 38 222
43 39 686
43 40 794
43 41 577
43 42 844
43 44 683
43 45 547
43 46 240
43 47 485
43 48 464
43 49 723
43 50 337
43 51 653
43 52 168
43 53 130
43 54 255
43 55 466
43 56 858
43 57 512
43 58 656
43 59 318
43 60 201
43 61 142
43 62 276
43 63 506
43 64 702
43 65 684
43 66 23
43 67 270
43 68 312
43 69 250
43 70 475
43 71 311
43 72 850
43 73 195
43 74 488
43 75 520
43 76 101
43 77 183
43 78 798
43 79 892
43 80 848
43 81 784
43 82 245
43 83 187
43 84 462
43 85 343
43 86 258
43 87 859
43 88 871
43 89 16
43 90 172
43 91 832
43 92 441
43 93 683
43 94 88
43 95 15
43 96 976
43 97 516
43 98 298
43 99 39
43 100 283
44 1 205
44 2 997
44 3 146
44 4 769
44 5 675
44 6 917
44 7 387
44 8 20
44 9 30
44 10 442
44 11 735
44 12 389
44 13 373
44 14 480
44 15 73
44 16 777
44 17 786
44 18 381
44 19 785
44 20 522
44 21 345
44 22 979
44 23 85
44 24 713
44 25 935
44 26 735
44 27 883
44 28 186
44 29 96
44 30 648
44 31 85
44 32 752
44 33 521
44 34 260
44 35 982
44 36 636
44 37 688
44 38 919
44 39 236
44 40 792
44 41 65
44 42 278
44 43 198
44 45 496
44 46 386
44 47 11
44 48 976
44 49 547
44 50 121
44 51 202
44 52 245
44 53 702
44 54 564
44 55 539
44 56 572
44 57 257
44 58 370
44 59 920
44 60 654
44 61 359
44 62 80
44 63 298
44 64 391
44 65 960
44 66 510
44 67 591
44 68 867
44 69 33
44 70 675
44 71 136
44 72 499
44 73 775
44 74 790
44 75 376
44 76 256
44 77 272
44 78 703
44 79 86
44 80 967
44 81 515
44 82 542
44 83 495
44 84 566
44 85 456
44 86 186
44 87 437
44 88 198
44 89 626
44 90 364
44 91 85
44 92 665
44 93 908
44 94 340
44 95 360
44 96 814
44 97 154
44 98 12
44 99 752
44 100 338
45 1 706
45 2 525
45 3 630
45 4 249
45 5 179
45 6 79
45 7 313
45 8 838
45 9 517
45 10 421
45 11 145
45 12 991
45 13 969
45 14 839
45 15 308
45 16 565
45 17 762
45 18 473
45 19 681
45 20 970
45 21 147
45 22 53
45 23 708
45 24 508
45 25 715
45 26 429
45 27 66
45 28 689
45 29 663
45 30 771
45 31 541
45 32 259
45 33 631
45 34 572
45 35 514
45 36 966
45 37 988
45 38 170
45 39 168
45 40 199
45 41 655
45 42 850
45 43 444
45 44 936
45 46 278
45 47 406
45 48 427
45 49 313
45 50 523
45 51 371
45 52 327
45 53 73
45 54 461
45 55 173
45 56 934
45 57 102
45 58 587
45 59 417
45 60 463
45 61 153
45 62 126
45 63 595
45 64 495
45 65 213
45 66 406
45 67 370
45 68 859
45 69 305
45 70 496
45 71 833
45 72 223
45 73 852
45 74 879
45 75 519
45 76 126
45 77 793
45 78 585
45 79 465
45 80 371
45 81 444
45 82 107
45 83 271
45 84 87
45 85 99
45 86 519
45 87 596
45 88 715
45 89 552
45 90 492
45 91 753
45 92 257
45 93 590
45 94 959
45 95 357
45 96 886
45 97 809
45 98 865
45 99 686
45 100 19
46 1 259
46 2 313
46 3 435
46 4 28
46 5 101
46 6 468
46 7 869
46 8 456
46 9 731
46 10 578
46 11 74
46 12 395
46 13 843
46 14 274
46 15 316
46 16 24
46 17 511
46 18 585
46 19 722
46 20 971
46 21 57
46 22 95
46 23 174
46 24 38
46 25 183
46 26 658
46 27 295
46 28 722
46 29 983
46 30 231
46 31 503
46 32 232
46 33 300
46 34 590
46 35 480
46 36 408
46 37 505
46 38 702
46 39 858
46 40 818
46 41 557
46 42 561
46 43 120
46 44 28
46 45 656
46 47 713
46 48 332
46 49 92
46 50 182
46 51 467
46 52 320
46 53 358
46 54 74
46 55 987
46 56 94
46 57 983
46 58 364
46 59 264
46 60 714
46 61 746
46 62 390
46 63 425
46 64 255
46 65 163
46 66 467
46 67 792
46 68 231
46 69 619
46 70 880
46 71 718
46 72 128
46 73 948
46 74 720
46 75 79
46 76 91
46 77 766
46 78 587
46 79 808
46 80 126
46 81 825
46 82 159
46 83 518
46 84 220
46 85 35
46 86 314
46 87 456
46 88 147
46 89 156
46 90 134
46 91 360
46 92 751
46 93 208
46 94 478
46 95 294
46 96 589
46 97 524
46 98 976
46 99 694
46 100 90
47 1 189
47 2 372
47 3 419
47 4 301
47 5 702
47 6 844
47 7 523
47 8 539
47 9 609
47 10 827
47 11 637
47 12 186
47 13 416
47 14 827
47 15 169
47 16 623
47 17 899
47 18 514
47 19 415
47 20 644
47 21 436
47 22 669
47 23 378
47 24 676
47 25 858
47 26 952
47 27 846
47 28 137
47 29 915
47 30 988
47 31 616
47 32 288
47 33 382
47 34 74
47 35 333
47 36 915
47 37 56
47 38 656
47 39 62
47 40 616
47 41 524
47 42 129
47 43 442
47 44 984
47 45 872
47 46 49
47 48 396
47 49 26
47 50 582
47 51 202
47 52 775
47 53 416
47 54 665
47 55 552
47 56 759
47 57 755
47 58 417
47 59 844
47 60 554
47 61 443
47 62 824
47 63 999
47 64 422
47 65 121
47 66 733
47 67 413
47 68 917
47 69 793
47 70 873
47 71 60
47 72 175
47 73 74
47 74 985
47 75 501
47 76 622
47 77 208
47 78 395
47 79 26
47 80 720
47 81 291
47 82 988
47 83 929
47 84 72
47 85 977
47 86 193
47 87 8
47 88 254
47 89 922
47 90 876
47 91 137
47 92 816
47 93 803
47 94 90
47 95 912
47 96 289
47 97 253
47 98 979
47 99 299
47 100 322
48 1 902
48 2 602
48 3 369
48 4 654
48 5 729
48 6 734
48 7 438
48 8 274
48 9 226
48 10 463
48 11 134
48 12 972
48 13 348
48 14 453
48 15 503
48 16 307
48 17 518
48 18 333
48 19 437
48 20 695
48 21 179
48 22 661
48 23 144
48 24 659
48 25 961
48 26 907
48 27 576
48 28 472
48 29 645
48 30 592
48 31 972
48 32 628
48 33 196
48 34 811
48 35 535
48 36 835
48 37 229
48 38 716
48 39 532
48 40 956
48 41 158
48 42 749
48 43 620
48 44 296
48 45 724
48 46 120
48 47 526
48 49 406
48 50 983
48 51 445
48 52 574
48 53 691
48 54 588
48 55 538
48 56 664
48 57 104
48 58 877
48 59 353
48 60 942
48 61 4
48 62 623
48 63 852
48 64 625
48 65 611
48 66 842
48 67 724
48 68 149
48 69 135
48 70 590
48 71 146
48 72 328
48 73 855
48 74 804
48 75 741
48 76 909
48 77 381
48 78 779
48 79 102
48 80 83
48 81 692
48 82 532
48 83 312
48 84 99
48 85 161
48 86 47
48 87 405
48 88 290
48 89 569
48 90 959
48 91 628
48 92 139
48 93 228
48 94 580
48 95 471
48 96 778
48 97 440
48 98 456
48 99 148
48 100 444
49 1 745
49 2 125
49 3 210
49 4 698
49 5 616
49 6 180
49 7 815
49 8 64
49 9 226
49 10 472
49 11 479
49 12 593
49 13 482
49 14 5
49 15 536
49 16 333
49 17 105
49 18 587
49 19 732
49 20 638
49 21 165
49 22 64
49 23 518
49 24 399
49 25 32
49 26 508
49 27 896
49 28 438
49 29 978
49 30 638
49 31 245
49 32 59
49 33 169
49 34 744
49 35 362
49 36 769
49 37 49
49 38 518
49 39 467
49 40 558
49 41 143
49 42 61
49 43 603
49 44 190
49 45 186
49 46 226
49 47 603
49 48 4
49 50 300
49 51 768
49 52 423
49 53 347
49 54 396
49 55 566
49 56 230
49 57 665
49 58 152
49 59 0
49 60 617
49 61 173
49 62 786
49 63 668
49 64 597
49 65 579
49 66 224
49 67 728
49 68 260
49 69 158
49 70 425
49 71 267
49 72 312
49 73 734
49 74 452
49 75 169
49 76 562
49 77 570
49 78 211
49 79 235
49 80 890
49 81 711
49 82 64
49 83 750
49 84 960
49 85 545
49 86 767
49 87 754
49 88 787
49 89 217
49 90 565
49 91 942
49 92 88
49 93 273
49 94 815
49 95 579
49 96 837
49 97 388
49 98 269
49 99 886
49 100 830
50 1 809
50 2 640
50 3 321
50 4 319
50 5 881
50 6 626
50 7 20
50 8 411
50 9 454
50 10 893
50 11 984
50 12 357
50 13 999
50 14 336
50 15 829
50 16 950
50 17 457
50 18 405
50 19 365
50 20 334
50 21 49
50 22 94
50 23 592
50 24 270
50 25 119
50 26 17
50 27 313
50 28 253
50 29 117
50 30 977
50 31 160
50 32 505
50 33 153
50 34 591
50 35 562
50 36 576
50 37 854
50 38 72
50 39 134
50 40 16
50 41 50
50 42 193
50 43 945
50 44 852
50 45 747
50 46 521
50 47 61
50 48 344
50 49 259
50 51 366
50 52 885
50 53 439
50 54 718
50 55 107
50 56 268
50 57 554
50 58 50
50 59 432
50 60 799
50 61 20
50 62 735
50 63 98
50 64 792
50 65 916
50 66 182
50 67 29
50 68 316
50 69 59
50 70 758
50 71 583
50 72 399
50 73 135
50 74 357
50 75 70
50 76 271
50 77 342
50 78 780
50 79 877
50 80 406
50 81 295
50 82 686
50 83 403
50 84 252
50 85 718
50 86 35
50 87 285
50 88 428
50 89 678
50 90 960
50 91 101
50 92 949
50 93 364
50 94 385
50 95 626
50 96 157
50 97 737
50 98 841
50 99 938
50 100 593
51 1 96
51 2 33
51 3 493
51 4 768
51 5 873
51 6 935
51 7 109
51 8 96
51 9 381
51 10 561
51 11 739
51 12 584
51 13 923
51 14 499
51 15 731
51 16 849
51 17 442
51 18 606
51 19 850
51 20 287
51 21 40
51 22 769
51 23 223
51 24 588
51 25 467
51 26 83
51 27 400
51 28 158
51 29 606
51 30 938
51 31 463
51 32 920
51 33 366
51 34 758
51 35 685
51 36 23
51 37 229
51 38 298
51 39 356
51 40 470
51 41 175
51 42 196
51 43 683
51 44 988
51 45 619
51 46 946
51 47 190
51 48 275
51 49 469
51 50 519
51 52 341
51 53 197
51 54 545
51 55 654
51 56 158
51 57 58
51 58 794
51 59 791
51 60 341
51 61 837
51 62 900
51 63 232
51 64 675
51 65 736
51 66 438
51 67 958
51 68 580
51 69 85
51 70 13
51 71 284
51 72 253
51 73 727
51 74 285
51 75 426
51 76 670
51 77 536
51 78 281
51 79 370
51 80 549
51 81 348
51 82 77
51 83 199
51 84 835
51 85 573
51 86 137
51 87 351
51 88 731
51 89 617
51 90 233
51 91 571
51 92 376
51 93 529
51 94 731
51 95 44
51 96 342
51 97 467
51 98 0
51 99 528
51 100 916
52 1 634
52 2 999
52 3 757
52 4 240
52 5 581
52 6 623
52 7 941
52 8 131
52 9 749
52 10 539
52 11 299
52 12 575
52 13 99
52 14 363
52 15 245
52 16 726
52 17 201
52 18 424
52 19 83
52 20 389
52 21 735
52 22 24
52 23 895
52 24 745
52 25 170
52 26 483
52 27 717
52 28 392
52 29 752
52 30 324
52 31 773
52 32 740
52 33 255
52 34 468
52 35 70
52 36 843
52 37 30
52 38 756
52 39 765
52 40 114
52 41 980
52 42 458
52 43 358
52 44 124
52 45 8
52 46 311
52 47 667
52 48 717
52 49 928
52 50 590
52 51 99
52 53 580
52 54 870
52 55 990
52 56 412
52 57 0
52 58 64
52 59 275
52 60 84
52 61 682
52 62 911
52 63 106
52 64 868
52 65 644
52 66 826
52 67 436
52 68 366
52 69 592
52 70 988
52 71 838
52 72 865
52 73 212
52 74 947
52 75 446
52 76 659
52 77 52
52 78 771
52 79 256
52 80 110
52 81 57
52 82 666
52 83 250
52 84 670
52 85 145
52 86 925
52 87 148
52 88 874
52 89 774
52 90 43
52 91 429
52 92 536
52 93 763
52 94 16
52 95 858
52 96 934
52 97 301
52 98 61
52 99 655
52 100 815
53 1 174
53 2 582
53 3 139
53 4 82
53 5 24
53 6 900
53 7 575
53 8 337
53 9 376
53 10 300
53 11 424
53 12 864
53 13 537
53 14 695
53 15 525
53 16 629
53 17 851
53 18 788
53 19 794
53 20 744
53 21 706
53 22 75
53 23 71
53 24 490
53 25 884
53 26 819
53 27 979
53 28 195
53 29 158
53 30 807
53 31 845
53 32 374
53 33 438
53 34 156
53 35 820
53 36 432
53 37 766
53 38 222
53 39 957
53 40 553
53 41 271
53 42 955
53 43 389
53 44 625
53 45 29
53 46 128
53 47 39
53 48 527
53 49 394
53 50 490
53 51 648
53 52 54
53 54 517
53 55 192
53 56 530
53 57 618
53 58 148
53 59 56
53 60 990
53 61 282
53 62 743
53 63 439
53 64 301
53 65 493
53 66 927
53 67 269
53 68 393
53 69 33
53 70 431
53 71 592
53 72 135
53 73 26
53 74 842
53 75 80
53 76 616
53 77 961
53 78 717
53 79 907
53 80 920
53 81 245
53 82 166
53 83 121
53 84 782
53 85 782
53 86 6
53 87 491
53 88 870
53 89 615
53 90 195
53 91 143
53 92 763
53 93 771
53 94 592
53 95 935
53 96 217
53 97 412
53 98 881
53 99 467
53 100 721
54 1 952
54 2 322
54 3 828
54 4 230
54 5 429
54 6 424
54 7 699
54 8 153
54 9 151
54 10 794
54 11 41
54 12 264
54 13 383
54 14 720
54 15 144
54 16 388
54 17 77
54 18 213
54 19 202
54 20 658
54 21 202
54 22 753
54 23 249
54 24 58
54 25 575
54 26 90
54 27 638
54 28 823
54 29 395
54 30 701
54 31 205
54 32 558
54 33 123
54 34 287
54 35 41
54 36 26
54 37 530
54 38 209
54 39 820
54 40 935
54 41 43
54 42 531
54 43 674
54 44 902
54 45 100
54 46 71
54 47 775
54 48 9
54 49 430
54 50 794
54 51 622
54 52 736
54 53 890
54 55 15
54 56 452
54 57 754
54 58 782
54 59 933
54 60 188
54 61 855
54 62 960
54 63 945
54 64 923
54 65 542
54 66 659
54 67 487
54 68 943
54 69 347
54 70 584
54 71 389
54 72 668
54 73 788
54 74 198
54 75 280
54 76 479
54 77 707
54 78 813
54 79 860
54 80 447
54 81 846
54 82 271
54 83 182
54 84 344
54 85 142
54 86 448
54 87 636
54 88 353
54 89 549
54 90 888
54 91 823
54 92 825
54 93 251
54 94 190
54 95 639
54 96 46
54 97 362
54 98 775
54 99 624
54 100 78
55 1 985
55 2 103
55 3 781
55 4 377
55 5 350
55 6 48
55 7 170
55 8 494
55 9 216
55 10 729
55 11 726
55 12 38
55 13 915
55 14 672
55 15 352
55 16 862
55 17 421
55 18 667
55 19 128
55 20 465
55 21 329
55 22 259
55 23 82
55 24 389
55 25 986
55 26 419
55 27 735
55 28 140
55 29 666
55 30 632
55 31 485
55 32 822
55 33 3
55 34 161
55 35 896
55 36 141
55 37 150
55 38 432
55 39 872
55 40 361
55 41 770
55 42 313
55 43 165
55 44 645
55 45 120
55 46 810
55 47 128
55 48 970
55 49 621
55 50 596
55 51 4
55 52 514
55 53 799
55 54 210
55 56 269
55 57 552
55 58 235
55 59 471
55 60 344
55 61 830
55 62 382
55 63 261
55 64 395
55 65 151
55 66 666
55 67 83
55 68 710
55 69 758
55 70 372
55 71 295
55 72 906
55 73 14
55 74 452
55 75 284
55 76 905
55 77 812
55 78 21
55 79 341
55 80 575
55 81 290
55 82 525
55 83 611
55 84 167
55 85 982
55 86 783
55 87 387
55 88 793
55 89 50
55 90 679
55 91 268
55 92 274
55 93 884
55 94 629
55 95 335
55 96 460
55 97 105
55 98 511
55 99 992
55 100 824
56 1 550
56 2 16
56 3 60
56 4 801
56 5 759
56 6 309
56 7 923
56 8 67
56 9 300
56 10 225
56 11 256
56 12 140
56 13 48
56 14 655
56 15 807
56 16 449
56 17 491
56 18 760
56 19 382
56 20 836
56 21 219
56 22 270
56 23 679
56 24 725
56 25 519
56 26 809
56 27 701
56 28 631
56 29 324
56 30 807
56 31 725
56 32 301
56 33 283
56 34 969
56 35 488
56 36 164
56 37 963
56 38 124
56 39 534
56 40 770
56 41 851
56 42 997
56 43 724
56 44 511
56 45 67
56 46 265
56 47 840
56 48 379
56 49 955
56 50 28
56 51 661
56 52 432
56 53 227
56 54 160
56 55 139
56 57 666
56 58 237
56 59 48
56 60 848
56 61 404
56 62 48
56 63 565
56 64 221
56 65 133
56 66 175
56 67 241
56 68 514
56 69 147
56 70 362
56 71 954
56 72 676
56 73 454
56 74 658
56 75 721
56 76 784
56 77 688
56 78 466
56 79 116
56 80 856
56 81 180
56 82 429
56 83 537
56 84 629
56 85 389
56 86 843
56 87 4
56 88 101
56 89 384
56 90 920
56 91 987
56 92 136
56 93 52
56 94 582
56 95 528
56 96 366
56 97 472
56 98 193
56 99 958
56 100 179
57 1 983
57 2 987
57 3 823
57 4 397
57 5 96
57 6 594
57 7 901
57 8 653
57 9 520
57 10 503
57 11 472
57 12 20
57 13 932
57 14 953
57 15 824
57 16 33
57 17 57
57 18 665
57 19 732
57 20 280
57 21 167
57 22 966
57 23 690
57 24 868
57 25 926
57 26 828
57 27 479
57 28 144
57 29 703
57 30 449
57 31 833
57 32 3
57 33 910
57 34 240
57 35 27
57 36 610
57 37 527
57 38 282
57 39 393
57 40 187
57 41 863
57 42 961
57 43 565
57 44 599
57 45 251
57 46 318
57 47 81
57 48 558
57 49 103
57 50 358
57 51 238
57 52 178
57 53 464
57 54 457
57 55 572
57 56 221
57 58 922
57 59 756
57 60 867
57 61 260
57 62 298
57 63 343
57 64 234
57 65 841
57 66 19
57 67 352
57 68 62
57 69 411
57 70 811
57 71 793
57 72 405
57 73 881
57 74 651
57 75 760
57 76 898
57 77 271
57 78 842
57 79 694
57 80 84
57 81 535
57 82 500
57 83 955
57 84 155
57 85 323
57 86 650
57 87 688
57 88 939
57 89 10
57 90 17
57 91 932
57 92 948
57 93 210
57 94 495
57 95 419
57 96 648
57 97 189
57 98 171
57 99 851
57 100 695
58 1 223
58 2 637
58 3 649
58 4 800
58 5 407
58 6 134
58 7 884
58 8 177
58 9 812
58 10 641
58 11 304
58 12 496
58 13 162
58 14 537
58 15 551
58 16 851
58 17 732
58 18 565
58 19 938
58 20 445
58 21 228
58 22 194
58 23 526
58 24 178
58 25 745
58 26 928
58 27 205
58 28 149
58 29 257
58 30 312
58 31 401
58 32 199
58 33 727
58 34 692
58 35 353
58 36 795
58 37 542
58 38 567
58 39 149
58 40 376
58 41 255
58 42 742
58 43 748
58 44 103
58 45 815
58 46 47
58 47 73
58 48 965
58 49 749
58 50 137
58 51 169
58 52 331
58 53 970
58 54 53
58 55 768
58 56 52
58 57 178
58 59 156
58 60 981
58 61 695
58 62 586
58 63 929
58 64 731
58 65 278
58 66 859
58 67 752
58 68 89
58 69 958
58 70 238
58 71 54
58 72 972
58 73 208
58 74 656
58 75 171
58 76 147
58 77 503
58 78 511
58 79 174
58 80 819
58 81 107
58 82 205
58 83 599
58 84 788
58 85 261
58 86 45
58 87 435
58 88 492
58 89 732
58 90 76
58 91 667
58 92 403
58 93 367
58 94 899
58 95 54
58 96 167
58 97 212
58 98 114
58 99 129
58 100 793
59 1 977
59 2 854
59 3 12
59 4 831
59 5 889
59 6 326
59 7 647
59 8 299
59 9 489
59 10 674
59 11 836
59 12 612
59 13 387
59 14 957
59 15 503
59 16 491
59 17 482
59 18 829
59 19 27
59 20 361
59 21 952
59 22 496
59 23 646
59 24 183
59 25 597
59 26 554
59 27 32
59 28 102
59 29 945
59 30 476
59 31 224
59 32 81
59 33 195
59 34 623
59 35 632
59 36 343
59 37 602
59 38 369
59 39 282
59 40 989
59 41 437
59 42 599
59 43 35
59 44 179
59 45 654
59 46 652
59 47 399
59 48 350
59 49 132
59 50 945
59 51 293
59 52 871
59 53 649
59 54 590
59 55 204
59 56 177
59 57 705
59 58 319
59 60 750
59 61 528
59 62 228
59 63 722
59 64 668
59 65 785
59 66 774
59 67 184
59 68 651
59 69 884
59 70 37
59 71 915
59 72 189
59 73 681
59 74 74
59 75 759
59 76 850
59 77 546
59 78 260
59 79 427
59 80 233
59 81 421
59 82 161
59 83 818
59 84 546
59 85 350
59 86 263
59 87 461
59 88 846
59 89 458
59 90 594
59 91 371
59 92 945
59 93 502
59 94 246
59 95 420
59 96 254
59 97 953
59 98 760
59 99 586
59 100 419
60 1 735
60 2 616
60 3 113
60 4 335
60 5 592
60 6 18
60 7 265
60 8 370
60 9 336
60 10 525
60 11 746
60 12 644
60 13 512
60 14 482
60 15 815
60 16 105
60 17 726
60 18 201
60 19 773
60 20 306
60 21 80
60 22 593
60 23 990
60 24 591
60 25 214
60 26 223
60 27 857
60 28 700
60 29 849
60 30 322
60 31 285
60 32 762
60 33 702
60 34 268
60 35 374
60 36 152
60 37 848
60 38 235
60 39 638
60 40 762
60 41 237
60 42 272
60 43 792
60 44 200
60 45 343
60 46 519
60 47 481
60 48 370
60 49 991
60 50 145
60 51 984
60 52 714
60 53 85
60 54 79
60 55 399
60 56 282
60 57 386
60 58 119
60 59 650
60 61 193
60 62 185
60 63 516
60 64 608
60 65 888
60 66 499
60 67 425
60 68 896
60 69 769
60 70 331
60 71 814
60 72 502
60 73 970
60 74 537
60 75 598
60 76 77
60 77 398
60 78 851
60 79 888
60 80 463
60 81 53
60 82 505
60 83 741
60 84 267
60 85 662
60 86 655
60 87 81
60 88 695
60 89 618
60 90 872
60 91 94
60 92 670
60 93 538
60 94 121
60 95 445
60 96 523
60 97 243
60 98 365
60 99 718
60 100 135
61 1 937
61 2 599
61 3 499
61 4 192
61 5 554
61 6 124
61 7 31
61 8 66
61 9 429
61 10 722
61 11 556
61 12 818
61 13 875
61 14 692
61 15 910
61 16 361
61 17 132
61 18 728
61 19 522
61 20 149
61 21 277
61 22 826
61 23 348
61 24 278
61 25 777
61 26 338
61 27 175
61 28 944
61 29 125
61 30 139
61 31 821
61 32 340
61 33 640
61 34 966
61 35 81
61 36 148
61 37 547
61 38 951
61 39 907
61 40 551
61 41 110
61 42 557
61 43 77
61 44 9
61 45 403
61 46 576
61 47 540
61 48 23
61 49 574
61 50 454
61 51 369
61 52 906
61 53 485
61 54 999
61 55 48
61 56 930
61 57 573
61 58 658
61 59 816
61 60 884
61 62 373
61 63 31
61 64 604
61 65 783
61 66 791
61 67 422
61 68 10
61 69 987
61 70 364
61 71 568
61 72 994
61 73 579
61 74 23
61 75 709
61 76 657
61 77 141
61 78 285
61 79 477
61 80 23
61 81 272
61 82 828
61 83 435
61 84 549
61 85 517
61 86 9
61 87 743
61 88 867
61 89 265
61 90 590
61 91 891
61 92 369
61 93 538
61 94 604
61 95 776
61 96 212
61 97 991
61 98 693
61 99 409
61 100 620
62 1 197
62 2 662
62 3 128
62 4 100
62 5 759
62 6 842
62 7 440
62 8 89
62 9 494
62 10 642
62 11 620
62 12 486
62 13 146
62 14 964
62 15 486
62 16 271
62 17 943
62 18 466
62 19 474
62 20 445
62 21 788
62 22 349
62 23 827
62 24 954
62 25 504
62 26 281
62 27 246
62 28 757
62 29 285
62 30 114
62 31 350
62 32 832
62 33 673
62 34 943
62 35 312
62 36 232
62 37 883
62 38 239
62 39 768
62 40 589
62 41 683
62 42 209
62 43 987
62 44 795
62 45 245
62 46 912
62 47 639
62 48 935
62 49 248
62 50 479
62 51 207
62 52 230
62 53 954
62 54 601
62 55 940
62 56 43
62 57 718
62 58 412
62 59 377
62 60 623
62 61 472
62 63 983
62 64 885
62 65 686
62 66 720
62 67 257
62 68 702
62 69 439
62 70 606
62 71 276
62 72 924
62 73 652
62 74 37
62 75 35
62 76 699
62 77 316
62 78 890
62 79 367
62 80 606
62 81 221
62 82 975
62 83 520
62 84 792
62 85 565
62 86 547
62 87 258
62 88 684
62 89 531
62 90 829
62 91 782
62 92 705
62 93 162
62 94 689
62 95 923
62 96 870
62 97 342
62 98 282
62 99 196
62 100 180
63 1 969
63 2 72
63 3 715
63 4 51
63 5 736
63 6 755
63 7 174
63 8 477
63 9 154
63 10 729
63 11 882
63 12 851
63 13 769
63 14 237
63 15 301
63 16 676
63 17 604
63 18 73
63 19 161
63 20 197
63 21 595
63 22 125
63 23 485
63 24 62
63 25 229
63 26 560
63 27 718
63 28 73
63 29 79
63 30 709
63 31 662
63 32 224
63 33 574
63 34 682
63 35 475
63 36 815
63 37 343
63 38 446
63 39 532
63 40 568
63 41 684
63 42 361
63 43 472
63 44 286
63 45 266
63 46 89
63 47 151
63 48 604
63 49 233
63 50 594
63 51 76
63 52 598
63 53 604
63 54 533
63 55 468
63 56 184
63 57 417
63 58 964
63 59 616
63 60 14
63 61 66
63 62 996
63 64 873
63 65 148
63 66 510
63 67 396
63 68 941
63 69 791
63 70 866
63 71 589
63 72 20
63 73 355
63 74 948
63 75 251
63 76 81
63 77 271
63 78 825
63 79 228
63 80 173
63 81 454
63 82 309
63 83 430
63 84 238
63 85 991
63 86 739
63 87 853
63 88 448
63 89 567
63 90 54
63 91 877
63 92 490
63 93 197
63 94 56
63 95 773
63 96 589
63 97 862
63 98 536
63 99 429
63 100 888
64 1 539
64 2 585
64 3 841
64 4 167
64 5 520
64 6 560
64 7 47
64 8 581
64 9 382
64 10 606
64 11 989
64 12 784
64 13 403
64 14 960
64 15 462
64 16 732
64 17 392
64 18 843
64 19 63
64 20 923
64 21 611
64 22 740
64 23 692
64 24 443
64 25 270
64 26 919
64 27 849
64 28 112
64 29 576
64 30 845
64 31 486
64 32 556
64 33 603
64 34 364
64 35 498
64 36 508
64 37 878
64 38 338
64 39 723
64 40 5
64 41 411
64 42 193
64 43 117
64 44 943
64 45 227
64 46 514
64 47 290
64 48 416
64 49 801
64 50 339
64 51 544
64 52 236
64 53 12
64 54 274
64 55 433
64 56 740
64 57 401
64 58 183
64 59 135
64 60 828
64 61 633
64 62 437
64 63 134
64 65 577
64 66 671
64 67 722
64 68 263
64 69 659
64 70 540
64 71 368
64 72 282
64 73 848
64 74 366
64 75 290
64 76 227
64 77 458
64 78 71
64 79 106
64 80 305
64 81 1
64 82 434
64 83 770
64 84 555
64 85 507
64 86 299
64 87 730
64 88 75
64 89 803
64 90 439
64 91 194
64 92 488
64 93 664
64 94 673
64 95 48
64 96 358
64 97 280
64 98 487
64 99 764
64 100 713
65 1 13
65 2 452
65 3 170
65 4 978
65 5 766
65 6 704
65 7 416
65 8 649
65 9 377
65 10 837
65 11 537
65 12 459
65 13 432
65 14 955
65 15 105
65 16 526
65 17 937
65 18 366
65 19 914
65 20 155
65 21 290
65 22 446
65 23 182
65 24 635
65 25 93
65 26 936
65 27 846
65 28 238
65 29 456
65 30 403
65 31 714
65 32 599
65 33 41
65 34 925
65 35 74
65 36 324
65 37 344
65 38 863
65 39 749
65 40 276
65 41 597
65 42 334
65 43 647
65 44 426
65 45 43
65 46 244
65 47 592
65 48 761
65 49 269
65 50 175
65 51 139
65 52 696
65 53 481
65 54 471
65 55 268
65 56 713
65 57 666
65 58 30
65 59 806
65 60 109
65 61 290
65 62 59
65 63 684
65 64 546
65 66 759
65 67 103
65 68 606
65 69 391
65 70 93
65 71 196
65 72 583
65 73 950
65 74 557
65 75 435
65 76 12
65 77 667
65 78 869
65 79 165
65 80 903
65 81 973
65 82 791
65 83 516
65 84 149
65 85 515
65 86 118
65 87 243
65 88 388
65 89 497
65 90 711
65 91 91
65 92 874
65 93 563
65 94 125
65 95 7
65 96 370
65 97 121
65 98 727
65 99 658
65 100 336
66 1 275
66 2 221
66 3 576
66 4 799
66 5 919
66 6 241
66 7 611
66 8 712
66 9 209
66 10 635
66 11 263
66 12 830
66 13 514
66 14 336
66 15 783
66 16 32
66 17 988
66 18 339
66 19 705
66 20 670
66 21 940
66 22 868
66 23 391
66 24 728
66 25 985
66 26 537
66 27 320
66 28 124
66 29 997
66 30 354
66 31 703
66 32 494
66 33 562
66 34 865
66 35 554
66 36 700
66 37 302
66 38 714
66 39 629
66 40 794
66 41 26
66 42 463
66 43 528
66 44 748
66 45 679
66 46 351
66 47 199
66 48 3
66 49 442
66 50 280
66 51 16
66 52 290
66 53 98
66 54 858
66 55 730
66 56 553
66 57 551
66 58 262
66 59 444
66 60 649
66 61 485
66 62 55
66 63 572
66 64 889
66 65 858
66 67 552
66 68 129
66 69 640
66 70 860
66 71 46
66 72 627
66 73 44
66 74 422
66 75 936
66 76 473
66 77 154
66 78 333
66 79 756
66 80 51
66 81 391
66 82 534
66 83 931
66 84 322
66 85 79
66 86 202
66 87 176
66 88 580
66 89 269
66 90 388
66 91 429
66 92 885
66 93 2
66 94 610
66 95 327
66 96 274
66 97 760
66 98 99
66 99 42
66 100 55
67 1 393
67 2 65
67 3 928
67 4 572
67 5 284
67 6 726
67 7 798
67 8 523
67 9 201
67 10 587
67 11 88
67 12 997
67 13 652
67 14 175
67 15 750
67 16 678
67 17 455
67 18 893
67 19 630
67 20 406
67 21 531
67 22 489
67 23 165
67 24 521
67 25 127
67 26 964
67 27 440
67 28 113
67 29 389
67 30 710
67 31 488
67 32 763
67 33 320
67 34 188
67 35 821
67 36 264
67 37 3
67 38 754
67 39 722
67 40 316
67 41 854
67 42 586
67 43 425
67 44 524
67 45 818
67 46 302
67 47 120
67 48 659
67 49 488
67 50 682
67 51 341
67 52 574
67 53 500
67 54 566
67 55 222
67 56 754
67 57 552
67 58 850
67 59 516
67 60 226
67 61 486
67 62 602
67 63 737
67 64 901
67 65 901
67 66 749
67 68 967
67 69 102
67 70 265
67 71 881
67 72 843
67 73 710
67 74 508
67 75 489
67 76 858
67 77 184
67 78 121
67 79 106
67 80 586
67 81 987
67 82 371
67 83 490
67 84 972
67 85 518
67 86 73
67 87 353
67 88 281
67 89 662
67 90 996
67 91 213
67 92 451
67 93 115
67 94 804
67 95 785
67 96 333
67 97 564
67 98 504
67 99 837
67 100 453
68 1 784
68 2 333
68 3 972
68 4 921
68 5 544
68 6 370
68 7 257
68 8 88
68 9 129
68 10 297
68 11 340
68 12 923
68 13 901
68 14 343
68 15 876
68 16 731
68 17 500
68 18 648
68 19 613
68 20 253
68 21 311
68 22 693
68 23 332
68 24 451
68 25 814
68 26 599
68 27 216
68 28 212
68 29 834
68 30 849
68 31 252
68 32 912
68 33 141
68 34 209
68 35 450
68 36 180
68 37 569
68 38 535
68 39 562
68 40 365
68 41 111
68 42 817
68 43 11
68 44 763
68 45 321
68 46 606
68 47 345
68 48 443
68 49 850
68 50 593
68 51 664
68 52 442
68 53 444
68 54 833
68 55 736
68 56 502
68 57 25
68 58 559
68 59 953
68 60 7
68 61 6
68 62 543
68 63 129
68 64 751
68 65 70
68 66 395
68 67 228
68 69 541
68 70 59
68 71 220
68 72 715
68 73 944
68 74 178
68 75 658
68 76 384
68 77 738
68 78 383
68 79 638
68 80 737
68 81 635
68 82 30
68 83 782
68 84 315
68 85 80
68 86 21
68 87 425
68 88 752
68 89 204
68 90 446
68 91 412
68 92 4
68 93 45
68 94 825
68 95 244
68 96 549
68 97 994
68 98 529
68 99 132
68 100 9
69 1 316
69 2 429
69 3 761
69 4 133
69 5 930
69 6 746
69 7 532
69 8 283
69 9 873
69 10 439
69 11 880
69 12 835
69 13 987
69 14 570
69 15 589
69 16 629
69 17 560
69 18 521
69 19 597
69 20 189
69 21 163
69 22 444
69 23 621
69 24 705
69 25 815
69 26 713
69 27 334
69 28 999
69 29 137
69 30 615
69 31 164
69 32 58
69 33 511
69 34 383
69 35 846
69 36 943
69 37 737
69 38 831
69 39 655
69 40 251
69 41 351
69 42 290
69 43 52
69 44 295
69 45 420
69 46 61
69 47 360
69 48 767
69 49 273
69 50 34
69 51 133
69 52 191
69 53 301
69 54 378
69 55 387
69 56 879
69 57 500
69 58 615
69 59 709
69 60 72
69 61 61
69 62 952
69 63 970
69 64 823
69 65 64
69 66 537
69 67 50
69 68 610
69 70 791
69 71 978
69 72 443
69 73 161
69 74 821
69 75 718
69 76 298
69 77 183
69 78 933
69 79 695
69 80 709
69 81 72
69 82 468
69 83 703
69 84 864
69 85 845
69 86 849
69 87 50
69 88 646
69 89 142
69 90 444
69 91 155
69 92 459
69 93 768
69 94 885
69 95 301
69 96 768
69 97 847
69 98 606
69 99 187
69 100 535
70 1 309
70 2 364
70 3 633
70 4 351
70 5 140
70 6 625
70 7 724
70 8 346
70 9 200
70 10 838
70 11 31
70 12 221
70 13 217
70 14 624
70 15 584
70 16 815
70 17 344
70 18 352
70 19 19
70 20 70
70 21 367
70 22 919
70 23 174
70 24 487
70 25 30
70 26 345
70 27 716
70 28 44
70 29 699
70 30 162
70 31 685
70 32 115
70 33 321
70 34 502
70 35 541
70 36 804
70 37 573
70 38 733
70 39 452
70 40 811
70 41 229
70 42 224
70 43 159
70 44 983
70 45 665
70 46 845
70 47 950
70 48 826
70 49 591
70 50 897
70 51 213
70 52 371
70 53 986
70 54 662
70 55 190
70 56 584
70 57 906
70 58 418
70 59 622
70 60 719
70 61 666
70 62 218
70 63 991
70 64 959
70 65 566
70 66 103
70 67 279
70 68 498
70 69 867
70 71 345
70 72 103
70 73 430
70 74 20
70 75 25
70 76 534
70 77 821
70 78 833
70 79 235
70 80 287
70 81 393
70 82 827
70 83 348
70 84 624
70 85 692
70 86 918
70 87 800
70 88 244
70 89 431
70 90 86
70 91 695
70 92 508
70 93 753
70 94 597
70 95 192
70 96 121
70 97 819
70 98 907
70 99 71
70 100 22
71 1 561
71 2 991
71 3 52
71 4 251
71 5 523
71 6 965
71 7 956
71 8 980
71 9 61
71 10 465
71 11 523
71 12 300
71 13 828
71 14 235
71 15 953
71 16 612
71 17 682
71 18 876
71 19 157
71 20 289
71 21 292
71 22 199
71 23 776
71 24 461
71 25 842
71 26 131
71 27 660
71 28 700
71 29 638
71 30 80
71 31 620
71 32 545
71 33 929
71 34 168
71 35 141
71 36 762
71 37 834
71 38 633
71 39 270
71 40 82
71 41 0
71 42 560
71 43 364
71 44 141
71 45 99
71 46 336
71 47 665
71 48 833
71 49 29
71 50 827
71 51 254
71 52 28
71 53 319
71 54 984
71 55 110
71 56 168
71 57 417
71 58 397
71 59 125
71 60 406
71 61 410
71 62 463
71 63 48
71 64 690
71 65 969
71 66 344
71 67 599
71 68 643
71 69 155
71 70 464
71 72 537
71 73 558
71 74 206
71 75 911
71 76 414
71 77 947
71 78 293
71 79 129
71 80 587
71 81 80
71 82 85
71 83 764
71 84 234
71 85 76
71 86 15
71 87 118
71 88 384
71 89 847
71 90 648
71 91 547
71 92 555
71 93 832
71 94 781
71 95 837
71 96 427
71 97 896
71 98 859
71 99 324
71 100 799
72 1 653
72 2 701
72 3 841
72 4 404
72 5 729
72 6 215
72 7 565
72 8 650
72 9 532
72 10 83
72 11 719
72 12 296
72 13 439
72 14 778
72 15 238
72 16 241
72 17 803
72 18 6
72 19 620
72 20 670
72 21 849
72 22 205
72 23 524
72 24 78
72 25 787
72 26 984
72 27 629
72 28 139
72 29 898
72 30 973
72 31 638
72 32 815
72 33 2
72 34 41
72 35 485
72 36 63
72 37 211
72 38 66
72 39 827
72 40 583
72 41 930
72 42 565
72 43 82
72 44 982
72 45 831
72 46 235
72 47 290
72 48 812
72 49 256
72 50 802
72 51 448
72 52 513
72 53 126
72 54 497
72 55 64
72 56 215
72 57 293
72 58 907
72 59 437
72 60 418
72 61 338
72 62 424
72 63 70
72 64 183
72 65 345
72 66 328
72 67 59
72 68 483
72 69 221
72 70 537
72 71 560
72 73 349
72 74 923
72 75 883
72 76 905
72 77 847
72 78 313
72 79 786
72 80 984
72 81 409
72 82 234
72 83 500
72 84 970
72 85 839
72 86 157
72 87 668
72 88 856
72 89 485
72 90 592
72 91 22
72 92 733
72 93 735
72 94 383
72 95 827
72 96 499
72 97 61
72 98 90
72 99 135
72 100 100
73 1 479
73 2 573
73 3 906
73 4 885
73 5 245
73 6 209
73 7 836
73 8 981
73 9 939
73 10 699
73 11 101
73 12 407
73 13 195
73 14 219
73 15 84
73 16 427
73 17 355
73 18 560
73 19 133
73 20 452
73 21 800
73 22 603
73 23 688
73 24 398
73 25 875
73 26 569
73 27 304
73 28 990
73 29 843
73 30 557
73 31 857
73 32 319
73 33 875
73 34 149
73 35 190
73 36 946
73 37 798
73 38 467
73 39 346
73 40 509
73 41 80
73 42 479
73 43 981
73 44 207
73 45 719
73 46 138
73 47 425
73 48 699
73 49 770
73 50 14
73 51 510
73 52 355
73 53 232
73 54 765
73 55 618
73 56 720
73 57 237
73 58 264
73 59 709
73 60 703
73 61 544
73 62 50
73 63 541
73 64 301
73 65 344
73 66 427
73 67 141
73 68 910
73 69 696
73 70 824
73 71 683
73 72 98
73 74 640
73 75 131
73 76 570
73 77 754
73 78 535
73 79 903
73 80 445
73 81 609
73 82 414
73 83 32
73 84 917
73 85 630
73 86 318
73 87 432
73 88 413
73 89 90
73 90 461
73 91 132
73 92 635
73 93 517
73 94 645
73 95 321
73 96 818
73 97 805
73 98 333
73 99 721
73 100 246
74 1 970
74 2 788
74 3 394
74 4 8
74 5 227
74 6 835
74 7 577
74 8 675
74 9 205
74 10 50
74 11 642
74 12 254
74 13 318
74 14 390
74 15 724
74 16 979
74 17 365
74 18 754
74 19 171
74 20 22
74 21 844
74 22 267
74 23 509
74 24 410
74 25 872
74 26 552
74 27 874
74 28 977
74 29 697
74 30 370
74 31 941
74 32 267
74 33 341
74 34 617
74 35 968
74 36 65
74 37 321
74 38 655
74 39 727
74 40 914
74 41 283
74 42 137
74 43 932
74 44 549
74 45 162
74 46 882
74 47 35
74 48 592
74 49 135
74 50 930
74 51 534
74 52 520
74 53 728
74 54 688
74 55 724
74 56 634
74 57 233
74 58 603
74 59 125
74 60 122
74 61 782
74 62 760
74 63 65
74 64 930
74 65 264
74 66 423
74 67 322
74 68 486
74 69 908
74 70 638
74 71 631
74 72 565
74 73 426
74 75 362
74 76 563
74 77 378
74 78 419
74 79 851
74 80 741
74 81 315
74 82 76
74 83 168
74 84 521
74 85 98
74 86 587
74 87 531
74 88 239
74 89 339
74 90 552
74 91 830
74 92 474
74 93 781
74 94 742
74 95 118
74 96 900
74 97 700
74 98 234
74 99 606
74 100 680
75 1 790
75 2 923
75 3 399
75 4 168
75 5 485
75 6 634
75 7 455
75 8 544
75 9 444
75 10 708
75 11 800
75 12 219
75 13 518
75 14 349
75 15 947
75 16 580
75 17 299
75 18 448
75 19 684
75 20 119
75 21 132
75 22 340
75 23 888
75 24 770
75 25 297
75 26 433
75 27 140
75 28 622
75 29 545
75 30 540
75 31 727
75 32 250
75 33 82
75 34 247
75 35 99
75 36 50
75 37 730
75 38 396
75 39 304
75 40 331
75 41 805
75 42 51
75 43 82
75 44 139
75 45 767
75 46 370
75 47 676
75 48 143
75 49 556
75 50 973
75 51 116
75 52 957
75 53 286
75 54 366
75 55 433
75 56 843
75 57 672
75 58 814
75 59 298
75 60 471
75 61 937
75 62 261
75 63 809
75 64 920
75 65 586
75 66 327
75 67 441
75 68 53
75 69 323
75 70 528
75 71 491
75 72 597
75 73 99
75 74 881
75 76 823
75 77 310
75 78 671
75 79 578
75 80 993
75 81 90
75 82 653
75 83 234
75 84 266
75 85 247
75 86 113
75 87 422
75 88 745
75 89 974
75 90 488
75 91 22
75 92 377
75 93 519
75 94 83
75 95 966
75 96 805
75 97 794
75 98 646
75 99 324
75 100 441
76 1 89
76 2 98
76 3 797
76 4 66
76 5 460
76 6 391
76 7 573
76 8 465
76 9 605
76 10 806
76 11 438
76 12 396
76 13 518
76 14 262
76 15 944
76 16 726
76 17 15
76 18 893
76 19 323
76 20 569
76 21 124
76 22 218
76 23 369
76 24 472
76 25 670
76 26 161
76 27 15
76 28 825
76 29 729
76 30 494
76 31 37
76 32 195
76 33 830
76 34 549
76 35 300
76 36 701
76 37 794
76 38 561
76 39 303
76 40 992
76 41 959
76 42 948
76 43 206
76 44 613
76 45 969
76 46 639
76 47 455
76 48 561
76 49 651
76 50 410
76 51 677
76 52 576
76 53 539
76 54 222
76 55 502
76 56 224
76 57 196
76 58 849
76 59 23
76 60 912
76 61 723
76 62 714
76 63 371
76 64 808
76 65 620
76 66 981
76 67 156
76 68 298
76 69 149
76 70 145
76 71 497
76 72 466
76 73 443
76 74 448
76 75 392
76 77 531
76 78 204
76 79 695
76 80 294
76 81 450
76 82 149
76 83 951
76 84 581
76 85 598
76 86 845
76 87 675
76 88 245
76 89 584
76 90 433
76 91 100
76 92 399
76 93 567
76 94 297
76 95 9
76 96 941
76 97 231
76 98 99
76 99 898
76 100 974
77 1 387
77 2 759
77 3 262
77 4 145
77 5 729
77 6 659
77 7 324
77 8 767
77 9 966
77 10 968
77 11 927
77 12 94
77 13 849
77 14 796
77 15 542
77 16 923
77 17 396
77 18 417
77 19 411
77 20 368
77 21 48
77 22 781
77 23 833
77 24 574
77 25 688
77 26 884
77 27 668
77 28 468
77 29 425
77 30 204
77 31 844
77 32 921
77 33 960
77 34 911
77 35 922
77 36 951
77 37 700
77 38 342
77 39 630
77 40 425
77 41 430
77 42 451
77 43 720
77 44 198
77 45 527
77 46 480
77 47 405
77 48 382
77 49 425
77 50 614
77 51 612
77 52 204
77 53 192
77 54 9
77 55 938
77 56 5
77 57 866
77 58 666
77 59 171
77 60 80
77 61 964
77 62 541
77 63 26
77 64 886
77 65 935
77 66 733
77 67 251
77 68 724
77 69 76
77 70 292
77 71 159
77 72 951
77 73 596
77 74 527
77 75 807
77 76 287
77 78 27
77 79 920
77 80 805
77 81 127
77 82 837
77 83 710
77 84 583
77 85 803
77 86 137
77 87 483
77 88 341
77 89 635
77 90 621
77 91 277
77 92 278
77 93 80
77 94 434
77 95 711
77 96 229
77 97 853
77 98 930
77 99 408
77 100 730
78 1 448
78 2 632
78 3 141
78 4 670
78 5 416
78 6 63
78 7 818
78 8 815
78 9 984
78 10 509
78 11 974
78 12 741
78 13 885
78 14 408
78 15 960
78 16 748
78 17 85
78 18 778
78 19 101
78 20 171
78 21 505
78 22 401
78 23 796
78 24 172
78 25 109
78 26 731
78 27 987
78 28 670
78 29 525
78 30 184
78 31 802
78 32 727
78 33 746
78 34 688
78 35 352
78 36 197
78 37 989
78 38 895
78 39 398
78 40 951
78 41 18
78 42 373
78 43 257
78 44 719
78 45 873
78 46 915
78 47 68
78 48 883
78 49 610
78 50 859
78 51 125
78 52 596
78 53 839
78 54 583
78 55 518
78 56 159
78 57 518
78 58 61
78 59 167
78 60 603
78 61 166
78 62 938
78 63 226
78 64 193
78 65 882
78 66 876
78 67 760
78 68 738
78 69 557
78 70 780
78 71 554
78 72 78
78 73 61
78 74 868
78 75 521
78 76 673
78 77 98
78 79 757
78 80 258
78 81 419
78 82 345
78 83 901
78 84 189
78 85 216
78 86 956
78 87 239
78 88 725
78 89 125
78 90 532
78 91 178
78 92 421
78 93 716
78 94 762
78 95 287
78 96 208
78 97 738
78 98 530
78 99 605
78 100 490
79 1 799
79 2 569
79 3 407
79 4 253
79 5 413
79 6 656
79 7 785
79 8 583
79 9 348
79 10 593
79 11 799
79 12 362
79 13 606
79 14 666
79 15 735
79 16 219
79 17 671
79 18 664
79 19 599
79 20 608
79 21 847
79 22 14
79 23 914
79 24 212
79 25 507
79 26 622
79 27 327
79 28 492
79 29 320
79 30 999
79 31 898
79 32 271
79 33 386
79 34 192
79 35 552
79 36 217
79 37 524
79 38 988
79 39 693
79 40 89
79 41 688
79 42 414
79 43 296
79 44 268
79 45 346
79 46 358
79 47 737
79 48 745
79 49 568
79 50 797
79 51 825
79 52 647
79 53 221
79 54 237
79 55 643
79 56 907
79 57 670
79 58 549
79 59 546
79 60 39
79 61 252
79 62 12
79 63 20
79 64 431
79 65 476
79 66 691
79 67 525
79 68 845
79 69 99
79 70 416
79 71 774
79 72 56
79 73 677
79 74 872
79 75 736
79 76 8
79 77 896
79 78 309
79 80 132
79 81 358
79 82 788
79 83 744
79 84 4
79 85 930
79 86 727
79 87 649
79 88 519
79 89 868
79 90 174
79 91 901
79 92 361
79 93 255
79 94 966
79 95 927
79 96 313
79 97 362
79 98 780
79 99 818
79 100 728
80 1 289
80 2 713
80 3 941
80 4 223
80 5 796
80 6 731
80 7 840
80 8 231
80 9 135
80 10 632
80 11 582
80 12 382
80 13 250
80 14 644
80 15 852
80 16 457
80 17 601
80 18 268
80 19 33
80 20 773
80 21 894
80 22 419
80 23 526
80 24 883
80 25 533
80 26 782
80 27 512
80 28 436
80 29 825
80 30 52
80 31 812
80 32 24
80 33 845
80 34 296
80 35 202
80 36 773
80 37 758
80 38 305
80 39 677
80 40 358
80 41 111
80 42 281
80 43 650
80 44 570
80 45 980
80 46 253
80 47 327
80 48 359
80 49 716
80 50 797
80 51 118
80 52 718
80 53 777
80 54 381
80 55 65
80 56 152
80 57 713
80 58 371
80 59 176
80 60 586
80 61 874
80 62 242
80 63 241
80 64 509
80 65 97
80 66 662
80 67 248
80 68 242
80 69 148
80 70 592
80 71 536
80 72 620
80 73 617
80 74 229
80 75 624
80 76 781
80 77 638
80 78 706
80 79 561
80 81 350
80 82 547
80 83 458
80 84 39
80 85 905
80 86 981
80 87 468
80 88 414
80 89 601
80 90 316
80 91 294
80 92 967
80 93 45
80 94 167
80 95 39
80 96 163
80 97 600
80 98 774
80 99 444
80 100 999
81 1 525
81 2 80
81 3 217
81 4 824
81 5 449
81 6 86
81 7 674
81 8 257
81 9 185
81 10 215
81 11 58
81 12 275
81 13 230
81 14 582
81 15 211
81 16 37
81 17 270
81 18 962
81 19 591
81 20 28
81 21 661
81 22 612
81 23 696
81 24 876
81 25 100
81 26 958
81 27 171
81 28 191
81 29 248
81 30 122
81 31 698
81 32 550
81 33 758
81 34 728
81 35 145
81 36 742
81 37 438
81 38 860
81 39 473
81 40 477
81 41 493
81 42 695
81 43 404
81 44 213
81 45 32
81 46 525
81 47 904
81 48 295
81 49 221
81 50 848
81 51 168
81 52 84
81 53 620
81 54 91
81 55 838
81 56 232
81 57 119
81 58 337
81 59 566
81 60 432
81 61 262
81 62 534
81 63 831
81 64 637
81 65 694
81 66 102
81 67 11
81 68 514
81 69 642
81 70 269
81 71 834
81 72 547
81 73 730
81 74 503
81 75 41
81 76 606
81 77 411
81 78 297
81 79 737
81 80 102
81 82 15
81 83 63
81 84 117
81 85 317
81 86 999
81 87 151
81 88 643
81 89 538
81 90 782
81 91 454
81 92 887
81 93 12
81 94 912
81 95 922
81 96 837
81 97 174
81 98 91
81 99 808
81 100 718
82 1 851
82 2 277
82 3 623
82 4 852
82 5 211
82 6 230
82 7 589
82 8 1
82 9 15
82 10 487
82 11 728
82 12 29
82 13 921
82 14 987
82 15 863
82 16 327
82 17 488
82 18 477
82 19 714
82 20 846
82 21 475
82 22 82
82 23 831
82 24 839
82 25 619
82 26 169
82 27 647
82 28 362
82 29 406
82 30 560
82 31 752
82 32 905
82 33 561
82 34 720
82 35 380
82 36 441
82 37 550
82 38 339
82 39 738
82 40 124
82 41 951
82 42 5
82 43 940
82 44 989
82 45 625
82 46 482
82 47 104
82 48 653
82 49 380
82 50 430
82 51 611
82 52 606
82 53 58
82 54 787
82 55 51
82 56 327
82 57 430
82 58 622
82 59 747
82 60 407
82 61 296
82 62 714
82 63 205
82 64 949
82 65 406
82 66 810
82 67 515
82 68 935
82 69 588
82 70 785
82 71 334
82 72 913
82 73 23
82 74 476
82 75 963
82 76 177
82 77 726
82 78 922
82 79 707
82 80 529
82 81 266
82 83 627
82 84 425
82 85 900
82 86 248
82 87 975
82 88 530
82 89 757
82 90 413
82 91 96
82 92 16
82 93 92
82 94 905
82 95 251
82 96 807
82 97 730
82 98 703
82 99 547
82 100 452
83 1 255
83 2 684
83 3 535
83 4 594
83 5 146
83 6 790
83 7 36
83 8 47
83 9 505
83 10 607
83 11 278
83 12 958
83 13 281
83 14 746
83 15 299
83 16 422
83 17 592
83 18 413
83 19 808
83 20 52
83 21 41
83 22 791
83 23 576
83 24 924
83 25 657
83 26 708
83 27 946
83 28 958
83 29 632
83 30 263
83 31 627
83 32 831
83 33 441
83 34 679
83 35 637
83 36 100
83 37 637
83 38 909
83 39 750
83 40 654
83 41 540
83 42 597
83 43 827
83 44 979
83 45 46
83 46 139
83 47 838
83 48 81
83 49 898
83 50 792
83 51 221
83 52 697
83 53 293
83 54 813
83 55 206
83 56 929
83 57 693
83 58 351
83 59 816
83 60 194
83 61 238
83 62 988
83 63 675
83 64 971
83 65 421
83 66 980
83 67 683
83 68 966
83 69 99
83 70 756
83 71 609
83 72 466
83 73 668
83 74 359
83 75 395
83 76 184
83 77 928
83 78 94
83 79 332
83 80 866
83 81 458
83 82 266
83 84 463
83 85 913
83 86 431
83 87 286
83 88 360
83 89 166
83 90 449
83 91 122
83 92 260
83 93 883
83 94 173
83 95 966
83 96 706
83 97 946
83 98 474
83 99 708
83 100 346
84 1 670
84 2 820
84 3 266
84 4 69
84 5 378
84 6 927
84 7 38
84 8 884
84 9 359
84 10 767
84 11 978
84 12 30
84 13 921
84 14 191
84 15 890
84 16 93
84 17 444
84 18 809
84 19 507
84 20 40
84 21 523
84 22 222
84 23 647
84 24 150
84 25 225
84 26 262
84 27 382
84 28 969
84 29 740
84 30 1
84 31 855
84 32 305
84 33 526
84 34 287
84 35 863
84 36 979
84 37 966
84 38 478
84 39 345
84 40 209
84 41 886
84 42 906
84 43 720
84 44 643
84 45 606
84 46 442
84 47 361
84 48 983
84 49 938
84 50 817
84 51 795
84 52 709
84 53 799
84 54 497
84 55 795
84 56 742
84 57 252
84 58 367
84 59 140
84 60 103
84 61 855
84 62 755
84 63 52
84 64 856
84 65 445
84 66 262
84 67 997
84 68 650
84 69 789
84 70 65
84 71 705
84 72 127
84 73 447
84 74 427
84 75 503
84 76 276
84 77 265
84 78 675
84 79 246
84 80 781
84 81 803
84 82 815
84 83 263
84 85 760
84 86 316
84 87 581
84 88 777
84 89 533
84 90 828
84 91 784
84 92 703
84 93 444
84 94 476
84 95 374
84 96 108
84 97 535
84 98 402
84 99 935
84 100 441
85 1 786
85 2 393
85 3 320
85 4 414
85 5 944
85 6 857
85 7 912
85 8 304
85 9 496
85 10 691
85 11 706
85 12 826
85 13 216
85 14 583
85 15 133
85 16 511
85 17 976
85 18 305
85 19 665
85 20 206
85 21 98
85 22 418
85 23 619
85 24 791
85 25 24
85 26 467
85 27 850
85 28 934
85 29 495
85 30 975
85 31 75
85 32 694
85 33 787
85 34 465
85 35 762
85 36 639
85 37 508
85 38 460
85 39 682
85 40 586
85 41 495
85 42 122
85 43 935
85 44 948
85 45 559
85 46 119
85 47 138
85 48 466
85 49 373
85 50 750
85 51 60
85 52 341
85 53 93
85 54 548
85 55 406
85 56 918
85 57 268
85 58 212
85 59 65
85 60 619
85 61 127
85 62 571
85 63 114
85 64 42
85 65 750
85 66 749
85 67 728
85 68 261
85 69 977
85 70 736
85 71 25
85 72 606
85 73 465
85 74 783
85 75 953
85 76 405
85 77 626
85 78 153
85 79 165
85 80 545
85 81 127
85 82 780
85 83 431
85 84 380
85 86 183
85 87 347
85 88 723
85 89 81
85 90 63
85 91 544
85 92 249
85 93 426
85 94 440
85 95 662
85 96 291
85 97 29
85 98 698
85 99 598
85 100 978
86 1 727
86 2 825
86 3 460
86 4 269
86 5 180
86 6 223
86 7 347
86 8 402
86 9 165
86 10 82
86 11 423
86 12 55
86 13 187
86 14 807
86 15 809
86 16 330
86 17 91
86 18 111
86 19 544
86 20 344
86 21 75
86 22 689
86 23 205
86 24 756
86 25 724
86 26 217
86 27 856
86 28 48
86 29 760
86 30 280
86 31 650
86 32 88
86 33 966
86 34 67
86 35 778
86 36 173
86 37 843
86 38 48
86 39 932
86 40 576
86 41 763
86 42 598
86 43 335
86 44 616
86 45 857
86 46 980
86 47 166
86 48 661
86 49 491
86 50 933
86 51 929
86 52 85
86 53 250
86 54 891
86 55 693
86 56 288
86 57 288
86 58 786
86 59 57
86 60 559
86 61 827
86 62 910
86 63 226
86 64 290
86 65 241
86 66 264
86 67 666
86 68 74
86 69 692
86 70 148
86 71 412
86 72 892
86 73 216
86 74 158
86 75 827
86 76 159
86 77 42
86 78 839
86 79 163
86 80 448
86 81 396
86 82 250
86 83 896
86 84 196
86 85 678
86 87 108
86 88 486
86 89 437
86 90 303
86 91 323
86 92 1
86 93 41
86 94 845
86 95 630
86 96 94
86 97 400
86 98 993
86 99 54
86 100 394
87 1 204
87 2 542
87 3 124
87 4 569
87 5 581
87 6 643
87 7 827
87 8 201
87 9 502
87 10 23
87 11 38
87 12 561
87 13 834
87 14 101
87 15 205
87 16 900
87 17 732
87 18 456
87 19 636
87 20 210
87 21 917
87 22 593
87 23 477
87 24 792
87 25 910
87 26 990
87 27 408
87 28 775
87 29 889
87 30 69
87 31 391
87 32 139
87 33 835
87 34 306
87 35 39
87 36 173
87 37 69
87 38 573
87 39 444
87 40 827
87 41 195
87 42 336
87 43 395
87 44 102
87 45 316
87 46 7
87 47 22
87 48 764
87 49 948
87 50 8
87 51 772
87 52 8
87 53 790
87 54 157
87 55 47
87 56 831
87 57 86
87 58 696
87 59 906
87 60 467
87 61 814
87 62 190
87 63 467
87 64 605
87 65 511
87 66 383
87 67 653
87 68 439
87 69 826
87 70 942
87 71 929
87 72 440
87 73 527
87 74 540
87 75 886
87 76 443
87 77 47
87 78 153
87 79 470
87 80 610
87 81 605
87 82 709
87 83 971
87 84 471
87 85 242
87 86 332
87 88 842
87 89 420
87 90 225
87 91 881
87 92 718
87 93 588
87 94 351
87 95 252
87 96 857
87 97 865
87 98 975
87 99 430
87 100 351
88 1 102
88 2 750
88 3 788
88 4 747
88 5 72
88 6 290
88 7 219
88 8 717
88 9 993
88 10 760
88 11 756
88 12 92
88 13 693
88 14 199
88 15 32
88 16 849
88 17 873
88 18 343
88 19 933
88 20 444
88 21 856
88 22 486
88 23 25
88 24 364
88 25 0
88 26 332
88 27 22
88 28 145
88 29 53
88 30 709
88 31 895
88 32 747
88 33 508
88 34 319
88 35 634
88 36 136
88 37 123
88 38 244
88 39 982
88 40 490
88 41 375
88 42 546
88 43 439
88 44 48
88 45 565
88 46 962
88 47 168
88 48 719
88 49 469
88 50 982
88 51 113
88 52 287
88 53 340
88 54 766
88 55 633
88 56 290
88 57 321
88 58 636
88 59 677
88 60 995
88 61 906
88 62 463
88 63 249
88 64 620
88 65 56
88 66 133
88 67 566
88 68 955
88 69 57
88 70 421
88 71 461
88 72 501
88 73 660
88 74 916
88 75 163
88 76 738
88 77 378
88 78 397
88 79 334
88 80 588
88 81 499
88 82 470
88 83 199
88 84 115
88 85 366
88 86 465
88 87 232
88 89 874
88 90 78
88 91 337
88 92 800
88 93 848
88 94 993
88 95 958
88 96 757
88 97 671
88 98 58
88 99 682
88 100 617
89 1 65
89 2 706
89 3 820
89 4 312
89 5 204
89 6 602
89 7 197
89 8 136
89 9 643
89 10 116
89 11 978
89 12 306
89 13 624
89 14 115
89 15 473
89 16 160
89 17 678
89 18 336
89 19 719
89 20 608
89 21 188
89 22 782
89 23 321
89 24 616
89 25 223
89 26 712
89 27 186
89 28 170
89 29 766
89 30 42
89 31 268
89 32 458
89 33 876
89 34 662
89 35 946
89 36 981
89 37 753
89 38 704
89 39 838
89 40 597
89 41 322
89 42 595
89 43 911
89 44 115
89 45 387
89 46 221
89 47 237
89 48 604
89 49 578
89 50 640
89 51 864
89 52 566
89 53 694
89 54 931
89 55 365
89 56 756
89 57 184
89 58 65
89 59 106
89 60 265
89 61 0
89 62 984
89 63 389
89 64 402
89 65 411
89 66 957
89 67 807
89 68 407
89 69 227
89 70 686
89 71 943
89 72 35
89 73 112
89 74 231
89 75 677
89 76 49
89 77 206
89 78 401
89 79 435
89 80 546
89 81 959
89 82 576
89 83 811
89 84 708
89 85 90
89 86 164
89 87 597
89 88 725
89 90 107
89 91 883
89 92 415
89 93 377
89 94 94
89 95 380
89 96 355
89 97 168
89 98 934
89 99 383
89 100 611
90 1 316
90 2 403
90 3 948
90 4 200
90 5 41
90 6 660
90 7 273
90 8 723
90 9 189
90 10 32
90 11 223
90 12 787
90 13 178
90 14 739
90 15 503
90 16 137
90 17 890
90 18 463
90 19 177
90 20 801
90 21 203
90 22 913
90 23 830
90 24 314
90 25 99
90 26 998
90 27 103
90 28 598
90 29 117
90 30 790
90 31 868
90 32 374
90 33 692
90 34 448
90 35 106
90 36 184
90 37 848
90 38 926
90 39 567
90 40 235
90 41 407
90 42 977
90 43 471
90 44 205
90 45 30
90 46 920
90 47 845
90 48 458
90 49 759
90 50 598
90 51 42
90 52 808
90 53 277
90 54 66
90 55 633
90 56 505
90 57 278
90 58 290
90 59 311
90 60 440
90 61 17
90 62 402
90 63 869
90 64 543
90 65 848
90 66 226
90 67 760
90 68 57
90 69 863
90 70 646
90 71 490
90 72 668
90 73 526
90 74 386
90 75 610
90 76 649
90 77 339
90 78 813
90 79 162
90 80 358
90 81 220
90 82 437
90 83 815
90 84 875
90 85 372
90 86 876
90 87 390
90 88 429
90 89 555
90 91 10
90 92 77
90 93 784
90 94 275
90 95 435
90 96 976
90 97 840
90 98 48
90 99 529
90 100 190
91 1 633
91 2 367
91 3 637
91 4 323
91 5 445
91 6 3
91 7 994
91 8 86
91 9 734
91 10 452
91 11 275
91 12 541
91 13 925
91 14 201
91 15 855
91 16 304
91 17 378
91 18 391
91 19 433
91 20 260
91 21 725
91 22 826
91 23 125
91 24 690
91 25 189
91 26 707
91 27 935
91 28 847
91 29 719
91 30 883
91 31 614
91 32 428
91 33 313
91 34 48
91 35 26
91 36 640
91 37 727
91 38 709
91 39 466
91 40 565
91 41 965
91 42 887
91 43 473
91 44 976
91 45 750
91 46 653
91 47 953
91 48 229
91 49 509
91 50 343
91 51 600
91 52 771
91 53 611
91 54 778
91 55 763
91 56 188
91 57 568
91 58 2
91 59 960
91 60 968
91 61 373
91 62 666
91 63 360
91 64 418
91 65 385
91 66 1
91 67 485
91 68 619
91 69 946
91 70 613
91 71 696
91 72 389
91 73 894
91 74 804
91 75 119
91 76 219
91 77 627
91 78 88
91 79 461
91 80 295
91 81 652
91 82 643
91 83 90
91 84 747
91 85 965
91 86 124
91 87 284
91 88 525
91 89 953
91 90 792
91 92 110
91 93 197
91 94 497
91 95 805
91 96 112
91 97 856
91 98 256
91 99 730
91 100 231
92 1 34
92 2 501
92 3 171
92 4 438
92 5 656
92 6 265
92 7 236
92 8 469
92 9 924
92 10 386
92 11 972
92 12 802
92 13 652
92 14 471
92 15 580
92 16 925
92 17 380
92 18 708
92 19 599
92 20 137
92 21 867
92 22 728
92 23 812
92 24 831
92 25 684
92 26 293
92 27 658
92 28 140
92 29 887
92 30 688
92 31 77
92 32 559
92 33 959
92 34 530
92 35 630
92 36 676
92 37 140
92 38 638
92 39 391
92 40 860
92 41 276
92 42 60
92 43 94
92 44 328
92 45 437
92 46 53
92 47 385
92 48 139
92 49 927
92 50 728
92 51 196
92 52 304
92 53 368
92 54 396
92 55 975
92 56 813
92 57 183
92 58 391
92 59 148
92 60 646
92 61 333
92 62 559
92 63 127
92 64 773
92 65 601
92 66 207
92 67 495
92 68 552
92 69 835
92 70 460
92 71 652
92 72 171
92 73 595
92 74 720
92 75 273
92 76 88
92 77 467
92 78 375
92 79 163
92 80 612
92 81 474
92 82 649
92 83 930
92 84 628
92 85 395
92 86 583
92 87 833
92 88 127
92 89 45
92 90 0
92 91 985
92 93 990
92 94 772
92 95 638
92 96 771
92 97 793
92 98 696
92 99 373
92 100 61
93 1 908
93 2 716
93 3 300
93 4 739
93 5 827
93 6 497
93 7 872
93 8 578
93 9 289
93 10 772
93 11 693
93 12 658
93 13 999
93 14 478
93 15 366
93 16 610
93 17 642
93 18 995
93 19 567
93 20 577
93 21 854
93 22 454
93 23 992
93 24 602
93 25 226
93 26 994
93 27 45
93 28 374
93 29 548
93 30 883
93 31 444
93 32 881
93 33 975
93 34 670
93 35 847
93 36 318
93 37 98
93 38 967
93 39 594
93 40 572
93 41 67
93 42 138
93 43 991
93 44 789
93 45 268
93 46 460
93 47 512
93 48 300
93 49 812
93 50 434
93 51 677
93 52 575
93 53 617
93 54 890
93 55 47
93 56 990
93 57 340
93 58 705
93 59 484
93 60 643
93 61 814
93 62 564
93 63 500
93 64 298
93 65 682
93 66 875
93 67 370
93 68 923
93 69 498
93 70 51
93 71 864
93 72 677
93 73 23
93 74 260
93 75 764
93 76 117
93 77 467
93 78 770
93 79 919
93 80 855
93 81 297
93 82 727
93 83 665
93 84 300
93 85 888
93 86 969
93 87 813
93 88 398
93 89 244
93 90 359
93 91 850
93 92 456
93 94 605
93 95 810
93 96 428
93 97 913
93 98 420
93 99 882
93 100 32
94 1 266
94 2 387
94 3 631
94 4 464
94 5 501
94 6 380
94 7 585
94 8 702
94 9 73
94 10 653
94 11 594
94 12 227
94 13 388
94 14 954
94 15 802
94 16 866
94 17 168
94 18 147
94 19 371
94 20 137
94 21 633
94 22 312
94 23 862
94 24 320
94 25 101
94 26 555
94 27 685
94 28 86
94 29 117
94 30 741
94 31 763
94 32 648
94 33 932
94 34 667
94 35 953
94 36 146
94 37 213
94 38 594
94 39 707
94 40 75
94 41 266
94 42 729
94 43 482
94 44 508
94 45 802
94 46 494
94 47 571
94 48 506
94 49 698
94 50 955
94 51 144
94 52 444
94 53 224
94 54 778
94 55 101
94 56 31
94 57 740
94 58 303
94 59 925
94 60 528
94 61 559
94 62 589
94 63 270
94 64 849
94 65 912
94 66 788
94 67 563
94 68 400
94 69 541
94 70 514
94 71 505
94 72 44
94 73 711
94 74 375
94 75 284
94 76 106
94 77 258
94 78 397
94 79 394
94 80 159
94 81 123
94 82 415
94 83 96
94 84 822
94 85 258
94 86 873
94 87 876
94 88 396
94 89 706
94 90 105
94 91 795
94 92 387
94 93 143
94 95 141
94 96 139
94 97 388
94 98 839
94 99 277
94 100 372
95 1 752
95 2 396
95 3 682
95 4 771
95 5 585
95 6 529
95 7 584
95 8 447
95 9 868
95 10 939
95 11 999
95 12 615
95 13 522
95 14 242
95 15 712
95 16 707
95 17 631
95 18 848
95 19 454
95 20 971
95 21 490
95 22 209
95 23 458
95 24 925
95 25 727
95 26 868
95 27 964
95 28 555
95 29 905
95 30 289
95 31 207
95 32 355
95 33 396
95 34 323
95 35 341
95 36 49
95 37 634
95 38 784
95 39 426
95 40 786
95 41 611
95 42 822
95 43 869
95 44 258
95 45 411
95 46 800
95 47 804
95 48 985
95 49 503
95 50 362
95 51 608
95 52 922
95 53 40
95 54 401
95 55 937
95 56 12
95 57 347
95 58 919
95 59 91
95 60 148
95 61 160
95 62 405
95 63 425
95 64 90
95 65 330
95 66 281
95 67 888
95 68 795
95 69 638
95 70 411
95 71 984
95 72 647
95 73 655
95 74 371
95 75 502
95 76 100
95 77 761
95 78 717
95 79 965
95 80 539
95 81 501
95 82 423
95 83 815
95 84 409
95 85 53
95 86 2
95 87 431
95 88 585
95 89 89
95 90 807
95 91 944
95 92 535
95 93 264
95 94 812
95 96 627
95 97 984
95 98 755
95 99 95
95 100 885
96 1 449
96 2 238
96 3 755
96 4 415
96 5 741
96 6 56
96 7 609
96 8 19
96 9 827
96 10 862
96 11 248
96 12 779
96 13 343
96 14 731
96 15 751
96 16 251
96 17 96
96 18 498
96 19 979
96 20 138
96 21 306
96 22 991
96 23 301
96 24 413
96 25 781
96 26 451
96 27 469
96 28 286
96 29 277
96 30 142
96 31 541
96 32 355
96 33 435
96 34 658
96 35 799
96 36 961
96 37 380
96 38 374
96 39 584
96 40 538
96 41 113
96 42 656
96 43 593
96 44 373
96 45 671
96 46 31
96 47 252
96 48 253
96 49 399
96 50 623
96 51 100
96 52 36
96 53 600
96 54 366
96 55 192
96 56 546
96 57 164
96 58 303
96 59 281
96 60 952
96 61 809
96 62 933
96 63 722
96 64 482
96 65 89
96 66 242
96 67 704
96 68 869
96 69 940
96 70 136
96 71 65
96 72 805
96 73 612
96 74 672
96 75 826
96 76 955
96 77 625
96 78 210
96 79 156
96 80 388
96 81 646
96 82 868
96 83 614
96 84 413
96 85 796
96 86 726
96 87 65
96 88 85
96 89 181
96 90 829
96 91 256
96 92 188
96 93 716
96 94 838
96 95 998
96 97 915
96 98 499
96 99 222
96 100 733
97 1 468
97 2 629
97 3 143
97 4 916
97 5 28
97 6 661
97 7 790
97 8 424
97 9 741
97 10 447
97 11 347
97 12 719
97 13 81
97 14 382
97 15 489
97 16 105
97 17 403
97 18 749
97 19 390
97 20 991
97 21 168
97 22 545
97 23 317
97 24 345
97 25 167
97 26 270
97 27 538
97 28 986
97 29 925
97 30 202
97 31 182
97 32 95
97 33 628
97 34 255
97 35 396
97 36 720
97 37 341
97 38 813
97 39 546
97 40 278
97 41 27
97 42 903
97 43 724
97 44 686
97 45 986
97 46 365
97 47 397
97 48 868
97 49 616
97 50 218
97 51 344
97 52 604
97 53 163
97 54 879
97 55 15
97 56 372
97 57 843
97 58 807
97 59 217
97 60 326
97 61 17
97 62 180
97 63 57
97 64 869
97 65 536
97 66 458
97 67 700
97 68 622
97 69 274
97 70 835
97 71 828
97 72 914
97 73 958
97 74 899
97 75 427
97 76 592
97 77 921
97 78 340
97 79 89
97 80 536
97 81 43
97 82 493
97 83 146
97 84 21
97 85 828
97 86 94
97 87 218
97 88 802
97 89 943
97 90 496
97 91 27
97 92 217
97 93 85
97 94 403
97 95 672
97 96 776
97 98 685
97 99 711
97 100 66
98 1 254
98 2 354
98 3 942
98 4 643
98 5 500
98 6 150
98 7 866
98 8 209
98 9 534
98 10 398
98 11 500
98 12 182
98 13 916
98 14 685
98 15 693
98 16 253
98 17 924
98 18 621
98 19 248
98 20 111
98 21 275
98 22 43
98 23 103
98 24 623
98 25 116
98 26 723
98 27 285
98 28 203
98 29 712
98 30 117
98 31 84
98 32 469
98 33 807
98 34 966
98 35 104
98 36 584
98 37 381
98 38 65
98 39 372
98 40 630
98 41 560
98 42 87
98 43 715
98 44 945
98 45 993
98 46 621
98 47 842
98 48 465
98 49 249
98 50 158
98 51 148
98 52 766
98 53 70
98 54 496
98 55 693
98 56 703
98 57 967
98 58 683
98 59 460
98 60 714
98 61 444
98 62 415
98 63 714
98 64 924
98 65 961
98 66 725
98 67 200
98 68 667
98 69 772
98 70 249
98 71 817
98 72 218
98 73 813
98 74 358
98 75 379
98 76 469
98 77 86
98 78 475
98 79 724
98 80 246
98 81 187
98 82 517
98 83 282
98 84 71
98 85 340
98 86 501
98 87 235
98 88 625
98 89 273
98 90 947
98 91 6
98 92 388
98 93 917
98 94 243
98 95 338
98 96 184
98 97 957
98 99 639
98 100 94
99 1 260
99 2 531
99 3 253
99 4 665
99 5 237
99 6 390
99 7 971
99 8 27
99 9 497
99 10 460
99 11 184
99 12 491
99 13 99
99 14 491
99 15 940
99 16 890
99 17 106
99 18 413
99 19 498
99 20 223
99 21 790
99 22 562
99 23 125
99 24 221
99 25 995
99 26 946
99 27 578
99 28 754
99 29 201
99 30 523
99 31 413
99 32 98
99 33 546
99 34 687
99 35 478
99 36 212
99 37 918
99 38 482
99 39 684
99 40 714
99 41 356
99 42 19
99 43 458
99 44 127
99 45 730
99 46 401
99 47 826
99 48 892
99 49 766
99 50 24
99 51 544
99 52 755
99 53 102
99 54 619
99 55 288
99 56 384
99 57 421
99 58 756
99 59 635
99 60 668
99 61 199
99 62 410
99 63 213
99 64 508
99 65 135
99 66 915
99 67 562
99 68 354
99 69 302
99 70 234
99 71 115
99 72 410
99 73 263
99 74 74
99 75 92
99 76 984
99 77 881
99 78 948
99 79 40
99 80 424
99 81 301
99 82 781
99 83 702
99 84 293
99 85 896
99 86 20
99 87 901
99 88 455
99 89 979
99 90 978
99 91 14
99 92 7
99 93 673
99 94 699
99 95 66
99 96 68
99 97 985
99 98 524
99 100 764
100 1 587
100 2 629
100 3 118
100 4 111
100 5 602
100 6 322
100 7 42
100 8 187
100 9 942
100 10 497
100 11 188
100 12 372
100 13 838
100 14 613
100 15 933
100 16 348
100 17 831
100 18 550
100 19 596
100 20 659
100 21 609
100 22 29
100 23 117
100 24 324
100 25 906
100 26 321
100 27 189
100 28 225
100 29 738
100 30 409
100 31 469
100 32 881
100 33 239
100 34 107
100 35 629
100 36 913
100 37 154
100 38 685
100 39 50
100 40 393
100 41 249
100 42 794
100 43 202
100 44 8
100 45 934
100 46 727
100 47 672
100 48 707
100 49 496
100 50 942
100 51 972
100 52 650
100 53 8
100 54 819
100 55 621
100 56 483
100 57 727
100 58 573
100 59 705
100 60 644
100 61 158
100 62 375
100 63 644
100 64 491
100 65 934
100 66 752
100 67 983
100 68 224
100 69 986
100 70 463
100 71 331
100 72 901
100 73 753
100 74 955
100 75 326
100 76 596
100 77 728
100 78 251
100 79 61
100 80 10
100 81 480
100 82 153
100 83 27
100 84 891
100 85 491
100 86 252
100 87 809
100 88 726
100 89 269
100 90 134
100 91 863
100 92 130
100 93 721
100 94 667
100 95 49
100 96 17
100 97 665
100 98 11
100 99 725
0
