4
15
100
1 1 1 0 1 1 1 0 1 0 1 1 1 1 1
1 1 1 0 1 1 1 0 1 0 1 1 1 1 1
1 1 1 0 1 1 1 0 1 0 1 1 1 1 1
1 1 1 0 1 1 1 0 1 0 1 1 1 1 1
1 1 1 0 1 1 1 0 1 0 1 1 1 1 1
1 1 1 0 1 1 1 0 1 0 1 1 1 1 1
1 1 1 0 1 1 1 0 1 0 1 1 1 1 1
1 1 1 0 1 1 1 0 1 0 1 1 1 1 1
1 1 1 0 1 1 1 0 1 0 1 1 1 1 1
1 1 1 0 1 1 1 0 1 0 1 1 1 1 1
0 0 1 0 0 1 0 0 1 0 1 1 1 1 1
1 0 1 1 1 0 1 0 1 0 1 1 1 1 1
1 0 1 1 0 1 1 0 1 0 1 1 1 1 1
0 1 1 1 0 1 0 0 1 0 1 1 1 1 1
1 1 0 1 0 1 1 0 1 0 1 1 1 1 1
1 1 0 1 1 1 1 0 1 0 1 1 1 1 1
1 0 1 0 0 1 0 0 1 0 1 1 1 1 1
1 1 1 1 1 1 1 0 1 0 1 1 1 1 1
1 1 1 1 0 1 1 0 1 0 1 1 1 1 1
0 0 1 0 0 1 0 0 1 0 1 1 1 1 1
1 0 1 1 1 0 1 0 1 0 1 1 1 1 1
1 0 1 1 0 1 1 0 1 0 1 1 1 1 1
0 1 1 1 0 1 0 0 1 0 1 1 1 1 1
1 1 0 1 0 1 1 0 1 0 1 1 1 1 1
1 1 0 1 1 1 1 0 1 0 1 1 1 1 1
1 0 1 0 0 1 0 0 1 0 1 1 1 1 1
1 1 1 1 1 1 1 0 1 0 1 1 1 1 1
1 1 1 1 0 1 1 0 1 0 1 1 1 1 1
0 0 1 0 0 1 0 0 1 0 1 1 1 1 1
1 0 1 1 1 0 1 0 1 0 1 1 1 1 1
1 0 1 1 0 1 1 0 1 0 1 1 1 1 1
0 1 1 1 0 1 0 0 1 0 1 1 1 1 1
1 1 0 1 0 1 1 0 1 0 1 1 1 1 1
1 1 0 1 1 1 1 0 1 0 1 1 1 1 1
1 0 1 0 0 1 0 0 1 0 1 1 1 1 1
1 1 1 1 1 1 1 0 1 0 1 1 1 1 1
1 1 1 1 0 1 1 0 1 0 1 1 1 1 1
0 0 1 0 0 1 0 0 1 0 1 1 1 1 1
1 0 1 1 1 0 1 0 1 0 1 1 1 1 1
1 0 1 1 0 1 1 0 1 0 1 1 1 1 1
0 1 1 1 0 1 0 0 1 0 1 1 1 1 1
1 1 0 1 0 1 1 0 1 0 1 1 1 1 1
1 1 0 1 1 1 1 0 1 0 1 1 1 1 1
1 0 1 0 0 1 0 0 1 0 1 1 1 1 1
1 1 1 1 1 1 1 0 1 0 1 1 1 1 1
1 1 1 1 0 1 1 0 1 0 1 1 1 1 1
0 0 1 0 0 1 0 0 1 0 1 1 1 1 1
1 0 1 1 1 0 1 0 1 0 1 1 1 1 1
1 0 1 1 0 1 1 0 1 0 1 1 1 1 1
0 1 1 1 0 1 0 0 1 0 1 1 1 1 1
1 1 0 1 0 1 1 0 1 0 1 1 1 1 1
1 1 0 1 1 1 1 0 1 0 1 1 1 1 1
1 0 1 0 0 1 0 0 1 0 1 1 1 1 1
1 1 1 1 1 1 1 0 1 0 1 1 1 1 1
1 1 1 1 0 1 1 0 1 0 1 1 1 1 1
0 0 1 0 0 1 0 0 1 0 1 1 1 1 1
1 0 1 1 1 0 1 0 1 0 1 1 1 1 1
1 0 1 1 0 1 1 0 1 0 1 1 1 1 1
0 1 1 1 0 1 0 0 1 0 1 1 1 1 1
1 1 0 1 0 1 1 0 1 0 1 1 1 1 1
1 1 0 1 1 1 1 0 1 0 1 1 1 1 1
1 0 1 0 0 1 0 0 1 0 1 1 1 1 1
1 1 1 1 1 1 1 0 1 0 1 1 1 1 1
1 1 1 1 0 1 1 0 1 0 1 1 1 1 1
0 0 1 0 0 1 0 0 1 0 1 1 1 1 1
1 0 1 1 1 0 1 0 1 0 1 1 1 1 1
1 0 1 1 0 1 1 0 1 0 1 1 1 1 1
0 1 1 1 0 1 0 0 1 0 1 1 1 1 1
1 1 0 1 0 1 1 0 1 0 1 1 1 1 1
1 1 0 1 1 1 1 0 1 0 1 1 1 1 1
1 0 1 0 0 1 0 0 1 0 1 1 1 1 1
1 1 1 1 1 1 1 0 1 0 1 1 1 1 1
1 1 1 1 0 1 1 0 1 0 1 1 1 1 1
0 0 1 0 0 1 0 0 1 0 1 1 1 1 1
1 0 1 1 1 0 1 0 1 0 1 1 1 1 1
1 0 1 1 0 1 1 0 1 0 1 1 1 1 1
0 1 1 1 0 1 0 0 1 0 1 1 1 1 1
1 1 0 1 0 1 1 0 1 0 1 1 1 1 1
1 1 0 1 1 1 1 0 1 0 1 1 1 1 1
1 0 1 0 0 1 0 0 1 0 1 1 1 1 1
1 1 1 1 1 1 1 0 1 0 1 1 1 1 1
1 1 1 1 0 1 1 0 1 0 1 1 1 1 1
0 0 1 0 0 1 0 0 1 0 1 1 1 1 1
1 0 1 1 1 0 1 0 1 0 1 1 1 1 1
1 0 1 1 0 1 1 0 1 0 1 1 1 1 1
0 1 1 1 0 1 0 0 1 0 1 1 1 1 1
1 1 0 1 0 1 1 0 1 0 1 1 1 1 1
1 1 0 1 1 1 1 0 1 0 1 1 1 1 1
1 0 1 0 0 1 0 0 1 0 1 1 1 1 1
1 1 1 1 1 1 1 0 1 0 1 1 1 1 1
1 1 1 1 0 1 1 0 1 0 1 1 1 1 1
0 0 1 0 0 1 0 0 1 0 1 1 1 1 1
1 0 1 1 1 0 1 0 1 0 1 1 1 1 1
1 0 1 1 0 1 1 0 1 0 1 1 1 1 1
0 1 1 1 0 1 0 0 1 0 1 1 1 1 1
1 1 0 1 0 1 1 0 1 0 1 1 1 1 1
1 1 0 1 1 1 1 0 1 0 1 1 1 1 1
1 0 1 0 0 1 0 0 1 0 1 1 1 1 1
1 1 1 1 1 1 1 0 1 0 1 1 1 1 1
1 1 1 1 0 1 1 0 1 0 1 1 1 1 1
5
1
1 0 1 0 1
7
10
1 1 1 0 1 1 1
0 0 1 0 0 1 0
1 0 1 1 1 0 1
1 0 1 1 0 1 1
0 1 1 1 0 1 0
1 1 0 1 0 1 1
1 1 0 1 1 1 1
1 0 1 0 0 1 0
1 1 1 1 1 1 1
1 1 1 1 0 1 1
6
10
0 1 1 1 0 0
1 0 0 0 0 0
1 0 1 0 0 0
1 1 0 0 0 0
1 1 0 1 0 0
1 0 0 1 0 0
1 1 1 0 0 0
1 1 1 1 0 0
1 0 1 1 0 0
0 1 1 0 0 0


