6

4 5
0 1 1.00
1 2 3.00
1 3 2.00
2 4 4.00
3 4 3.25
3
2 1.50
3 7.00
4 9.00



1 1
0 1 1.50
1
1 2.99


4 5
0 1 1.00
1 2 3.00
1 3 2.00
2 4 4.00
3 4 3.25
3
2 1.50
3 7.00
4 9.00

    

    4 5
    0 1 1
    1 2 3.00
    0 3 1.00
    3 2 1.50
    3 4 3.25
    3
    1 1.50
    1 7.00
    2 9.00

    4 5
    0 1 1
    1 2 3.00
    0 3 1.00
    3 2 1.50
    3 4 3.25
    4
    1 1.50
    2 7.00
    3 9.00
    4 11.00

    5 6
    0 1 1
    1 2 3.00
    0 3 1.00
    3 2 11.50
    3 4 3.25
    4 5 8
    4
    3 1.50
    3 7.00
    4 1.00
    5 20