100
1 1 2 1
10 10 10 5
10 10 100000 5
10 10 100000 5
10 10 100000 5
10 10 100000 5
10 10 100000 5
10 10 100000 5
10 10 100000 5
10 10 100000 5
10 10 100000 5
10 10 100000 5
10 10 100000 5
10 10 100000 5
10 10 100000 5
10 10 100000 5
10 10 100000 5
10 10 100000 5
10 10 100000 5
10 10 100000 5
10 10 100000 5
10 10 100000 5
10 10 100000 5
10 10 100000 5
10 10 100000 5
10 10 100000 5
10 10 100000 5
10 10 100000 5
10 10 100000 5
10 10 100000 5
10 10 100000 5
10 10 100000 5
10 10 100000 5
10 10 100000 5
10 10 100000 5
10 10 100000 5
10 10 100000 5
10 10 100000 5
10 10 100000 5
10 10 100000 5
10 10 100000 5
10 10 100000 5
10 10 100000 5
10 10 100000 5
10 10 100000 5
10 10 100000 5
10 10 100000 5
10 10 100000 5
10 10 100000 5
10 10 100000 5
10 10 100000 5
10 10 100000 5
10 10 100000 5
10 10 100000 5
10 10 100000 5
10 10 100000 5
10 10 100000 5
10 10 100000 5
10 10 100000 5
10 10 100000 5
10 10 100000 5
10 10 100000 5
10 10 100000 5
10 10 100000 5
10 10 100000 5
10 10 100000 5
10 10 100000 5
10 10 100000 5
10 10 100000 5
10 10 100000 5
10 10 100000 5
10 10 100000 5
10 10 100000 5
10 10 100000 5
10 10 100000 5
10 10 100000 5
10 10 100000 5
10 10 100000 5
10 10 100000 5
10 10 100000 5
10 10 100000 5
10 10 100000 5
10 10 100000 5
10 10 100000 5
10 10 100000 5
10 10 100000 5
10 10 100000 5
10 10 100000 5
10 10 100000 5
10 10 100000 5
10 10 100000 5
10 10 100000 5
10 10 100000 5
10 10 100000 5
10 10 100000 5
10 10 100000 5
10 10 100000 5
10 10 100000 5
10 10 100000 5
10 10 100000 5
10 10 100000 5
10 10 100000 5
10 10 100000 5
10 10 100000 5
10 10 100000 5
10 10 100000 5
