7
2 4                     
1010                    
0101                    
3 3
111
111
111
3 5
01111
11110
11011
2 1
1
1
2 1
1
0
2 1
0
0
50 50
01010101010101010100101010101010101010101010101001
01010101010101010100101010101010101010101010101001
01010101010101010100101010101010101010101010101001
01010101010101010100101010101010101010101010101001
01010101010101010100101010101010101010101010101001
01010101010101010100101010101010101010101010101001
01010101010101010100101010101010101010101010101001
01010101010101010100101010101010101010101010101001
01010101010101010100101010101010101010101010101001
01010101010101010100101010101010101010101010101001
01010101010101010100101010101010101010101010101001
01010101010101010100101010101010101010101010101001
01010101010101010100101010101010101010101010101001
01010101010101010100101010101010101010101010101001
01010101010101010100101010101010101010101010101001
01010101010101010100101010101010101010101010101001
01010101010101010100101010101010101010101010101001
01010101010101010100101010101010101010101010101001
01010101010101010100101010101010101010101010101001
01010101010101010100101010101010101010101010101001
01010101010101010100101010101010101010101010101001
01010101010101010100101010101010101010101010101001
01010101010101010100101010101010101010101010101001
01010101010101010100101010101010101010101010101001
01010101010101010100101010101010101010101010101001
01010101010101010100101010101010101010101010101001
01010101010101010100101010101010101010101010101001
01010101010101010100101010101010101010101010101001
01010101010101010100101010101010101010101010101001
01010101010101010100101010101010101010101010101001
01010101010101010100101010101010101010101010101001
01010101010101010100101010101010101010101010101001
01010101010101010100101010101010101010101010101001
01010101010101010100101010101010101010101010101001
01010101010101010100101010101010101010101010101001
01010101010101010100101010101010101010101010101001
01010101010101010100101010101010101010101010101001
01010101010101010100101010101010101010101010101001
01010101010101010100101010101010101010101010101001
01010101010101010100101010101010101010101010101001
01010101010101010100101010101010101010101010101001
01010101010101010100101010101010101010101010101001
01010101010101010100101010101010101010101010101001
01010101010101010100101010101010101010101010101001
01010101010101010100101010101010101010101010101001
01010101010101010100101010101010101010101010101001
01010101010101010100101010101010101010101010101001
01010101010101010100101010101010101010101010101001
01010101010101010100101010101010101010101010101001
01010101010101010100101010101010101010101010101001
